<?xml version='1.0' encoding='utf-8'?>
<!-- FreeCAD DocumentObject -->
<Document SchemaVersion="4" FileVersion="2">
<Object name="Part__Feature009">
  <Properties Count="8" TransientCount="1">
    <_Property name="_ElementMapVersion" type="App::PropertyString" status="234881024"/>
    <Property name="ColoredElements" type="App::PropertyLinkSubHidden" status="218103808">
      <LinkSub value="" count="0">
      </LinkSub>
    </Property>
    <Property name="ExpressionEngine" type="App::PropertyExpressionEngine" status="67108864">
      <ExpressionEngine count="0"></ExpressionEngine>
    </Property>
    <Property name="Label" type="App::PropertyString" status="134217728">
      <String value="BMG drive (2)001"/>
    </Property>
    <Property name="Label2" type="App::PropertyString" status="128">
      <String value=""/>
    </Property>
    <Property name="Placement" type="App::PropertyPlacement" status="8388608">
      <PropertyPlacement Px="-10.075" Py="0" Pz="0" Q0="0" Q1="-0.7071067811865477" Q2="0" Q3="0.7071067811865474" A="1.570796326794897" Ox="0" Oy="-1" Oz="0"/>
    </Property>
    <Property name="Shape" type="Part::PropertyPartShape">
      <Part ElementMap="?" brep="1">
<![CDATA[

CASCADE Topology V1, (c) Matra-Datavision
Locations 1
1
              0              -0              -1         -10.075 
              0               1               0               0 
              1               0               0               0 
Curve2ds 24
7 0 0  3 25 23  0 -0.7071067811865458  0 -0.69639304207765851  -1.7800000000000001e-15 -0.67496556385988438  -8.9000000000000007e-16 -0.64282434653322318  -1.7800000000000001e-15 -0.61068312920656276  -1.7800000000000001e-15 -0.57854191187990023  1.7800000000000001e-15 -0.54640069455323981  -8.9000000000000007e-16 -0.51425947722657894  -8.9000000000000007e-16 -0.48211825989991686  -8.9000000000000007e-16 -0.44997704257325594  -8.9000000000000007e-16 -0.41783582524659524  -8.9000000000000007e-16 -0.38569460791993471  -8.9000000000000007e-16 -0.35355339059327218  -2.6599999999999998e-15 -0.32141217326661153  2.6599999999999998e-15 -0.28927095593995111  -2.6599999999999998e-15 -0.25712973861328842  0 -0.22498852128662802  -1.7800000000000001e-15 -0.19284730395996699  0 -0.16070608663330599  -3.5500000000000001e-15 -0.12856486930664401  3.5500000000000001e-15 -0.096423651979983524  -2.6599999999999998e-15 -0.064282434653322049  1.7800000000000001e-15 -0.032141217326661253  1.7800000000000001e-15 -0.01071373910888716  0 0 
 -0.70710678118654602 4 -0.67496556385988482 1 -0.64282434653322362 1 -0.61068312920656243 1 -0.57854191187990134 1 -0.54640069455324003 1 -0.51425947722657894 1 -0.48211825989991774 1 -0.44997704257325655 1 -0.41783582524659535 1 -0.38569460791993415 1 -0.35355339059327301 1 -0.32141217326661181 1 -0.28927095593995061 1 -0.25712973861328947 1 -0.22498852128662827 1 -0.19284730395996708 1 -0.16070608663330588 1 -0.12856486930664468 1 -0.096423651979983482 1 -0.064282434653322285 1 -0.032141217326661198 1 0 4
7 0 0  3 25 23  6.2831853071795862 -0.7071067811865458  6.2831853071795862 -0.69639304207765851  6.2831853071795845 -0.67496556385988438  6.2831853071795853 -0.64282434653322318  6.2831853071795845 -0.61068312920656276  6.2831853071795845 -0.57854191187990023  6.283185307179588 -0.54640069455323981  6.2831853071795853 -0.51425947722657894  6.2831853071795853 -0.48211825989991686  6.2831853071795853 -0.44997704257325594  6.2831853071795853 -0.41783582524659524  6.2831853071795853 -0.38569460791993471  6.2831853071795853 -0.35355339059327218  6.2831853071795836 -0.32141217326661153  6.2831853071795889 -0.28927095593995111  6.2831853071795836 -0.25712973861328842  6.2831853071795862 -0.22498852128662802  6.2831853071795845 -0.19284730395996699  6.2831853071795862 -0.16070608663330599  6.2831853071795827 -0.12856486930664401  6.2831853071795898 -0.096423651979983524  6.2831853071795836 -0.064282434653322049  6.283185307179588 -0.032141217326661253  6.283185307179588 -0.01071373910888716  6.2831853071795862 0 
 -0.70710678118654602 4 -0.67496556385988482 1 -0.64282434653322362 1 -0.61068312920656243 1 -0.57854191187990134 1 -0.54640069455324003 1 -0.51425947722657894 1 -0.48211825989991774 1 -0.44997704257325655 1 -0.41783582524659535 1 -0.38569460791993415 1 -0.35355339059327301 1 -0.32141217326661181 1 -0.28927095593995061 1 -0.25712973861328947 1 -0.22498852128662827 1 -0.19284730395996708 1 -0.16070608663330588 1 -0.12856486930664468 1 -0.096423651979983482 1 -0.064282434653322285 1 -0.032141217326661198 1 0 4
1 0 -0.70710678118654724 1 -7.0000000000000003e-17 
1 3.1415926535897931 -3.1000000000000001e-16 0 -1 
1 3.1415926535897936 -3.1000000000000001e-16 -6.2999999999999998e-16 -1 
1 0 3.1000000000000001e-16 1 -1.5e-16 
1 6.2831853071795862 14.19999999999999 -1 0 
1 6.2831853071795862 13.530973375253831 0 -1 
1 0 13.530973375253831 0 -1 
1 3.1415926535897931 13.530973375253829 0 1 
1 3.1415926535897931 13.530973375253829 0 1 
1 6.2831853071795862 12.86194675050767 -1 0 
1 3.1415926535897931 0.32389350101537562 -1 -1.2e-16 
1 0 4.2299999999999997e-15 0 1 
1 6.2831853071795862 4.2299999999999997e-15 0 1 
1 3.1415926535897931 3.8000000000000001e-16 -1 0 
1 3.1415926535897931 3.3899999999999999e-15 0 -1 
1 3.1415926535897931 3.3899999999999999e-15 0 -1 
1 9.4247779607693793 0.32389350101537562 -1 -1.2e-16 
1 6.2831853071795862 12.86194675050767 -1 0 
1 9.4247779607693793 1.15e-15 -1 -2.4e-16 
1 6.2831853071795862 14.19999999999999 -1 0 
1 4.4e-16 -6.2999999999999998e-16 1 1.5e-16 
1 0 -0.70710678118654768 1 7.0000000000000003e-17 
Curves 32
1 1.3080983141870799 2.30282597270031 7.73408364674669 0.61664345894691874 0.7071067811865458 0.34605034971515691 
2 0 1.80282597270031 7 1.5e-16 1 -0 0.87206554279138671 -1.3080983141870799e-16 0.48938909783112677 0.48938909783112677 -7.340836467466901e-17 -0.87206554279138671 1
1 -1.3080983141870799 2.30282597270031 6.26591635325331 0.61664345894691874 -0.7071067811865458 0.34605034971515691 
2 0 2.30282597270031 7 1.5e-16 1 -0 0.87206554279138671 -1.3080983141870799e-16 0.48938909783112677 0.48938909783112677 -7.340836467466901e-17 -0.87206554279138671 1.5
1 1.3080983141870799 2.9718525974464698 7.73408364674669 1.5e-16 1 -0 
1 -1.3080983141870799 2.9718525974464698 6.26591635325331 -1.5e-16 -1 0 
2 0 3.6408792221926296 7 1.5e-16 1 -0 0.87206554279138671 -1.3080983141870799e-16 0.48938909783112677 0.48938909783112677 -7.340836467466901e-17 -0.87206554279138671 1.5
1 -1.0634839294341001 3.80282597270031 6.4031899951949391 -0.75523091382240726 -0.49999999999999817 -0.42382339105690414 
2 0 3.80282597270031 7 1.5e-16 1 -0 0.87206554279138671 -1.3080983141870799e-16 0.48938909783112677 0.48938909783112677 -7.340836467466901e-17 -0.87206554279138671 1.2195
1 1.0634839294341001 3.80282597270031 7.59681000480506 -0.75523091382240726 0.49999999999999817 -0.42382339105690414 
2 0 3.6408792221926296 7 1.5e-16 1 -0 0.87206554279138671 -1.3080983141870799e-16 0.48938909783112677 0.48938909783112677 -7.340836467466901e-17 -0.87206554279138671 1.5
2 0 3.80282597270031 7 1.5e-16 1 -0 0.87206554279138671 -1.3080983141870799e-16 0.48938909783112677 0.48938909783112677 -7.340836467466901e-17 -0.87206554279138671 1.2195
2 0 2.30282597270031 7 1.5e-16 1 -0 0.87206554279138671 -1.3080983141870799e-16 0.48938909783112677 0.48938909783112677 -7.340836467466901e-17 -0.87206554279138671 1.5
2 0 1.80282597270031 7 1.5e-16 1 -0 0.87206554279138671 -1.3080983141870799e-16 0.48938909783112677 0.48938909783112677 -7.340836467466901e-17 -0.87206554279138671 1
1 0.74465728028455291 3.80282597270031 6.5578625384349101 -0.87206554279138704 1.2999999999999999e-16 -0.489389097831126 
1 0.74465728028455291 3.80282597270031 6.5578625384349101 0.01220938033879059 -0 0.99992546273796967 
1 0.010573633537855899 3.80282597270031 7.8659608526219795 0.85985616245259699 -1.2999999999999999e-16 -0.51053636490684295 
1 0.010573633537855899 3.80282597270031 7.8659608526219795 -0.87206554279138671 1.2999999999999999e-16 -0.48938909783112677 
1 -0.74465728028455291 3.80282597270031 7.4421374615650802 -0.01220938033879109 0 -0.99992546273796967 
1 -0.010573633537855899 3.80282597270031 6.1340391473780098 -0.85985616245259699 1.2999999999999999e-16 0.51053636490684295 
1 0.74465728028455291 2.6028259727003102 6.5578625384349101 1.5e-16 1 0 
1 0.74465728028455291 2.6028259727003102 6.5578625384349101 0.01220938033879059 -0 0.99992546273796967 
1 0.75523091382240903 2.6028259727003102 7.4238233910569003 1.5e-16 1 0 
1 0.010573633537855899 2.6028259727003102 7.8659608526219795 0.85985616245259699 -1.2999999999999999e-16 -0.51053636490684295 
1 0.010573633537855899 2.6028259727003102 7.8659608526219795 1.5e-16 1 0 
1 0.010573633537855899 2.6028259727003102 7.8659608526219795 -0.87206554279138671 1.2999999999999999e-16 -0.48938909783112677 
1 -0.74465728028455291 2.6028259727003102 7.4421374615650802 1.5e-16 1 0 
1 -0.74465728028455291 2.6028259727003102 7.4421374615650802 -0.01220938033879109 0 -0.99992546273796967 
1 -0.75523091382240903 2.6028259727003102 6.57617660894309 1.5e-16 1 0 
1 -0.010573633537855899 2.6028259727003102 6.1340391473780098 -0.85985616245259699 1.2999999999999999e-16 0.51053636490684295 
1 -0.010573633537855899 2.6028259727003102 6.1340391473780098 1.5e-16 1 0 
1 0.74465728028455291 2.6028259727003102 6.5578625384349101 -0.87206554279138704 1.2999999999999999e-16 -0.489389097831126 
Polygon3D 0
PolygonOnTriangulations 0
Surfaces 15
3 0 2.30282597270031 7 1.5e-16 1 -0 0.87206554279138671 -1.3080983141870799e-16 0.48938909783112677 0.48938909783112677 -7.340836467466901e-17 -0.87206554279138671 1.5
0.78539816339745105
3 0 2.30282597270031 7 1.5e-16 1 -0 0.87206554279138671 -1.3080983141870799e-16 0.48938909783112677 0.48938909783112677 -7.340836467466901e-17 -0.87206554279138671 1.5
0.78539816339745105
1 0.48938909783112505 1.80282597270031 6.1279344572086103 -1.5e-16 -1 0 -1 1.5e-16 0 -0 0 -1 
2 0 16.5028259727003 7 -1.5e-16 -1 0 0.87206554279138671 -1.3080983141870799e-16 0.48938909783112677 -0.48938909783112677 7.340836467466901e-17 0.87206554279138671 1.5
2 0 16.5028259727003 7 -1.5e-16 -1 0 0.87206554279138671 -1.3080983141870799e-16 0.48938909783112677 -0.48938909783112677 7.340836467466901e-17 0.87206554279138671 1.5
3 0 3.80282597270031 7 -1.5e-16 -1 0 -0.87206554279138671 1.3080983141870799e-16 -0.48938909783112677 0.48938909783112677 -7.340836467466901e-17 -0.87206554279138671 1.2195
1.0471975511966001
3 0 3.80282597270031 7 -1.5e-16 -1 0 -0.87206554279138671 1.3080983141870799e-16 -0.48938909783112677 0.48938909783112677 -7.340836467466901e-17 -0.87206554279138671 1.2195
1.0471975511966001
1 0 3.80282597270031 7 1.5e-16 1 0 1 -1.5e-16 0 0 0 -1 
1 0.74465728028455291 2.6028259727003102 6.5578625384349101 0.48938909783112677 -8.0000000000000006e-17 -0.87206554279138671 -7.4098459522416851e-19 -1 9.1320395440147704e-17 -0.87206554279138671 -4.4045018804801408e-17 -0.48938909783112677 
1 0.74465728028455291 2.6028259727003102 6.5578625384349101 -0.99992546273796978 1.5e-16 0.0122093803387908 1.5001117975593403e-16 1 -1.3650806723096486e-22 -0.0122093803387908 1.83140705081862e-18 -0.99992546273796978 
1 0.010573633537855899 2.6028259727003102 7.8659608526219795 0.51053636490684295 -8.0000000000000006e-17 0.85985616245259699 -1.5174580220870346e-16 -1 -2.9403170680132567e-18 0.85985616245259699 -1.2897842436788954e-16 -0.51053636490684295 
1 0.010573633537855899 2.6028259727003102 7.8659608526219795 0.48938909783112677 -8.0000000000000006e-17 -0.87206554279138671 -7.4098459522416851e-19 -1 9.1320395440147704e-17 -0.87206554279138671 -4.4045018804801408e-17 -0.48938909783112677 
1 -0.74465728028455291 2.6028259727003102 7.4421374615650802 0.99992546273796978 -1.5e-16 -0.012209380338790999 4.3262449918240712e-18 -1 1.2639947175292044e-14 -0.012209380338790999 -1.2639057849007934e-14 -0.99992546273796978 
1 -0.010573633537855899 2.6028259727003102 6.1340391473780098 -0.51053636490684295 8.0000000000000006e-17 -0.85985616245259699 -0.85985616245259699 0 0.51053636490684295 4.0842909192547438e-17 1 6.8788492996207763e-17 
1 0.73408364674669691 2.6028259727003102 5.6919016858129208 -1.5e-16 -1 0 -1 1.5e-16 0 -0 0 -1 
Triangulations 0

TShapes 85
Ve
1e-07
0.872065542791387 1.80282597270031 7.48938909783113
0 0

0101101
*
Ve
1e-07
1.30809831418708 2.30282597270031 7.73408364674669
0 0

0101101
*
Ed
 1e-07 1 1 0
1  1 0 -0.707106781186546 0
2  1 1 0 -0.707106781186546 0
2  2 2 0 -0.707106781186546 0
4 CN 1 0 2 0
0

0101000
+85 0 -84 0 *
Ve
1e-07
-0.872065542791387 1.80282597270031 6.51061090216887
0 0

0101101
*
Ed
 1e-07 1 1 0
1  2 0 0 3.14159265358979
2  3 1 0 0 3.14159265358979
4 C0 1 0 3 0
0

0101000
+85 0 -82 0 *
Ve
1e-07
-1.30809831418708 2.30282597270031 6.26591635325331
0 0

0101101
*
Ed
 1e-07 1 1 0
1  3 0 0 0.707106781186546
2  4 1 0 0 0.707106781186546
2  5 2 0 0 0.707106781186546
4 CN 1 0 2 0
0

0101000
+80 0 -82 0 *
Ed
 1e-07 1 1 0
1  4 0 0 3.14159265358979
2  6 1 0 0 3.14159265358979
2  7 4 0 0 3.14159265358979
4 C0 1 0 4 0
0

0101000
+84 0 -80 0 *
Wi

0101100
-83 0 +81 0 -79 0 -78 0 *
Fa
0  1e-07 1 0

0101000
+77 0 *
Ve
1e-07
1.30809831418708 3.64087922219262 7.73408364674669
0 0

0101101
*
Ed
 1e-07 1 1 0
1  5 0 -0.66902662474616 0.66902662474615
2  8 4 0 -0.66902662474616 0.66902662474615
2  9 5 0 -0.66902662474616 0.66902662474615
4 CN 4 0 5 0
0

0101000
+84 0 -75 0 *
Ve
1e-07
-1.30809831418708 3.64087922219263 6.26591635325331
0 0

0101101
*
Ed
 1e-07 1 1 0
1  6 0 -0.66902662474616 0.66902662474616
2  10 4 0 -0.66902662474616 0.66902662474616
2  11 5 0 -0.66902662474616 0.66902662474616
4 CN 4 0 5 0
0

0101000
+73 0 -80 0 *
Ed
 1e-07 1 1 0
1  7 0 0 3.14159265358979
2  12 4 0 0 3.14159265358979
2  13 6 0 0 3.14159265358979
4 C0 4 0 6 0
0

0101000
+75 0 -73 0 *
Wi

0101100
-74 0 +78 0 -72 0 -71 0 *
Fa
0  1e-07 4 0

0101000
+70 0 *
Ve
1e-07
-1.0634839294341 3.80282597270031 6.40318999519494
0 0

0101101
*
Ed
 1e-07 1 1 0
1  8 0 -0 0.323893501015371
2  14 6 0 -0 0.323893501015371
2  15 7 0 -0 0.323893501015371
4 CN 6 0 7 0
0

0101000
+68 0 -73 0 *
Ve
1e-07
1.0634839294341 3.80282597270031 7.59681000480506
0 0

0101101
*
Ed
 1e-07 1 1 0
1  9 0 0 3.14159265358979
2  16 6 0 0 3.14159265358979
4 C0 6 0 8 0
0

0101000
+66 0 -68 0 *
Ed
 1e-07 1 1 0
1  10 0 -0.323893501015377 0
2  17 6 0 -0.323893501015377 0
2  18 7 0 -0.323893501015377 0
4 CN 6 0 7 0
0

0101000
+75 0 -66 0 *
Wi

0101100
-67 0 -65 0 -64 0 +71 0 *
Fa
0  1e-07 6 0

0101000
+63 0 *
Ed
 1e-07 1 1 0
1  11 0 3.14159265358979 6.28318530717959
2  19 7 0 3.14159265358979 6.28318530717959
2  20 5 0 3.14159265358979 6.28318530717959
4 C0 7 0 5 0
0

0101000
+73 0 -75 0 *
Ed
 1e-07 1 1 0
1  12 0 3.14159265358979 6.28318530717959
2  21 7 0 3.14159265358979 6.28318530717959
4 C0 7 0 8 0
0

0101000
+68 0 -66 0 *
Wi

0101100
+67 0 +61 0 +64 0 -60 0 *
Fa
0  1e-07 7 0

0101000
+59 0 *
Ed
 1e-07 1 1 0
1  13 0 3.14159265358979 6.28318530717959
2  22 5 0 3.14159265358979 6.28318530717959
2  23 2 0 3.14159265358979 6.28318530717959
4 C0 5 0 2 0
0

0101000
+80 0 -84 0 *
Wi

0101100
+74 0 -61 0 +72 0 +57 0 *
Fa
0  1e-07 5 0

0101000
+56 0 *
Ed
 1e-07 1 1 0
1  14 0 3.14159265358979 6.28318530717959
2  24 2 0 3.14159265358979 6.28318530717959
4 C0 2 0 3 0
0

0101000
+82 0 -85 0 *
Wi

0101100
+83 0 -57 0 +79 0 +54 0 *
Fa
0  1e-07 2 0

0101000
+53 0 *
Wi

0101100
+65 0 +60 0 *
Ve
1e-07
0.744657280284553 3.80282597270031 6.55786253843491
0 0

0101101
*
Ve
1e-07
-0.010573633537856 3.80282597270031 6.13403914737801
0 0

0101101
*
Ed
 1e-07 1 1 0
1  15 0 0 0.866025403784439
4 C0 8 0 9 0
0

0101000
+50 0 -49 0 *
Ve
1e-07
0.755230913822409 3.80282597270031 7.4238233910569
0 0

0101101
*
Ed
 1e-07 1 1 0
1  16 0 0 0.866025403784437
4 C0 8 0 10 0
0

0101000
+50 0 -47 0 *
Ve
1e-07
0.010573633537856 3.80282597270031 7.86596085262198
0 0

0101101
*
Ed
 1e-07 1 1 0
1  17 0 0 0.866025403784438
4 C0 8 0 11 0
0

0101000
+45 0 -47 0 *
Ve
1e-07
-0.744657280284553 3.80282597270031 7.44213746156508
0 0

0101101
*
Ed
 1e-07 1 1 0
1  18 0 0 0.866025403784439
4 C0 8 0 12 0
0

0101000
+45 0 -43 0 *
Ve
1e-07
-0.755230913822409 3.80282597270031 6.57617660894309
0 0

0101101
*
Ed
 1e-07 1 1 0
1  19 0 0 0.866025403784437
4 C0 8 0 13 0
0

0101000
+43 0 -41 0 *
Ed
 1e-07 1 1 0
1  20 0 0 0.866025403784439
4 C0 8 0 14 0
0

0101000
+49 0 -41 0 *
Wi

0101100
-48 0 +46 0 -44 0 +42 0 +40 0 -39 0 *
Fa
0  1e-07 8 0

0101000
+51 0 +38 0 *
Wi

0101100
-54 0 -81 0 *
Fa
0  1e-07 3 0

0101000
+36 0 *
Ve
1e-07
0.744657280284553 2.60282597270031 6.55786253843491
0 0

0101101
*
Ed
 1e-07 1 1 0
1  21 0 0 1.2
4 C0 10 0 9 0
0

0101000
+34 0 -50 0 *
Ve
1e-07
0.755230913822409 2.60282597270031 7.4238233910569
0 0

0101101
*
Ed
 1e-07 1 1 0
1  22 0 0 0.866025403784437
4 C0 10 0 15 0
0

0101000
+34 0 -32 0 *
Ed
 1e-07 1 1 0
1  23 0 0 1.2
4 C0 10 0 11 0
0

0101000
+32 0 -47 0 *
Wi

0101100
-46 0 -33 0 +31 0 +30 0 *
Fa
0  1e-07 10 0

0101000
+29 0 *
Ve
1e-07
0.010573633537856 2.60282597270031 7.86596085262198
0 0

0101101
*
Ed
 1e-07 1 1 0
1  24 0 0 0.866025403784438
4 C0 11 0 15 0
0

0101000
+27 0 -32 0 *
Ed
 1e-07 1 1 0
1  25 0 0 1.2
4 C0 11 0 12 0
0

0101000
+27 0 -45 0 *
Wi

0101100
+44 0 -30 0 -26 0 +25 0 *
Fa
0  1e-07 11 0

0101000
-24 0 *
Ve
1e-07
-0.744657280284553 2.60282597270031 7.44213746156508
0 0

0101101
*
Ed
 1e-07 1 1 0
1  26 0 0 0.866025403784439
4 C0 12 0 15 0
0

0101000
+27 0 -22 0 *
Ed
 1e-07 1 1 0
1  27 0 0 1.2
4 C0 12 0 13 0
0

0101000
+22 0 -43 0 *
Wi

0101100
-42 0 -25 0 +21 0 +20 0 *
Fa
0  1e-07 12 0

0101000
+19 0 *
Ve
1e-07
-0.755230913822409 2.60282597270031 6.57617660894309
0 0

0101101
*
Ed
 1e-07 1 1 0
1  28 0 0 0.866025403784437
4 C0 13 0 15 0
0

0101000
+22 0 -17 0 *
Ed
 1e-07 1 1 0
1  29 0 0 1.2
4 C0 13 0 14 0
0

0101000
+17 0 -41 0 *
Wi

0101100
-40 0 -20 0 +16 0 +15 0 *
Fa
0  1e-07 13 0

0101000
+14 0 *
Ve
1e-07
-0.010573633537856 2.60282597270031 6.13403914737801
0 0

0101101
*
Ed
 1e-07 1 1 0
1  30 0 0 0.866025403784439
4 C0 14 0 15 0
0

0101000
+12 0 -17 0 *
Ed
 1e-07 1 1 0
1  31 0 0 1.2
4 C0 14 0 9 0
0

0101000
+12 0 -49 0 *
Wi

0101100
+39 0 -15 0 -11 0 +10 0 *
Fa
0  1e-07 14 0

0101000
-9 0 *
Ed
 1e-07 1 1 0
1  32 0 0 0.866025403784439
4 C0 9 0 15 0
0

0101000
+34 0 -12 0 *
Wi

0101100
+48 0 -10 0 -7 0 +33 0 *
Fa
0  1e-07 9 0

0101000
-6 0 *
Wi

0101100
-31 0 +7 0 +11 0 -16 0 -21 0 +26 0 *
Fa
0  1e-07 15 0

0101000
-4 0 *
Sh

0101100
+76 0 +69 0 +62 0 +58 0 +55 0 +52 0 +37 0 +35 0 +28 0 -23 0 
+18 0 +13 0 -8 0 -5 0 -3 0 *
So

0100000
+2 0 *

+1 1 ]]>
      </Part>
      <ElementMap/>
    </Property>
    <Property name="TreeRank" type="App::PropertyInteger" status="2185">
      <Integer value="1"/>
    </Property>
    <Property name="Visibility" type="App::PropertyBool" status="648">
      <Bool value="true"/>
    </Property>
  </Properties>
</Object>
</Document>
