<?xml version='1.0' encoding='utf-8'?>
<!-- FreeCAD DocumentObject -->
<Document SchemaVersion="4" FileVersion="2">
<Object name="Part__Feature058">
  <Properties Count="8" TransientCount="1">
    <_Property name="_ElementMapVersion" type="App::PropertyString" status="234881024"/>
    <Property name="ColoredElements" type="App::PropertyLinkSubHidden" status="218103808">
      <LinkSub value="" count="0">
      </LinkSub>
    </Property>
    <Property name="ExpressionEngine" type="App::PropertyExpressionEngine" status="67108864">
      <ExpressionEngine count="0"></ExpressionEngine>
    </Property>
    <Property name="Label" type="App::PropertyString" status="134217728">
      <String value="BMG Idler v1 (2)"/>
    </Property>
    <Property name="Label2" type="App::PropertyString" status="128">
      <String value=""/>
    </Property>
    <Property name="Placement" type="App::PropertyPlacement" status="8388608">
      <PropertyPlacement Px="-10.1" Py="-8.5" Pz="-8.5" Q0="0" Q1="-0.7071067811865477" Q2="0" Q3="0.7071067811865474" A="1.570796326794897" Ox="0" Oy="-1" Oz="0"/>
    </Property>
    <Property name="Shape" type="Part::PropertyPartShape">
      <Part ElementMap="?" brep="1">
<![CDATA[

CASCADE Topology V1, (c) Matra-Datavision
Locations 1
1
              0              -0              -1           -10.1 
              0               1               0            -8.5 
              1               0               0            -8.5 
Curve2ds 24
1 6.2831853071795862 -10 0 -1 
1 0 -10 0 -1 
1 9.4247779607693793 -0.19999999999999929 -1 0 
1 6.2831853071795862 0 -1 0 
1 3.141592653589794 -10 0 1 
1 3.141592653589794 -10 0 1 
1 3.141592653589794 -19.800000000000001 1 0 
1 0 6.2831853071795862 1 0 
1 0 -2.3089999999999999e-14 0 1 
1 6.2831853071795862 -2.3089999999999999e-14 0 1 
1 6.2831853071795862 4.7123889803846755 -1 2.8299999999999998e-15 
1 3.1415926535897949 6.2831853071795862 0 -1 
1 3.1415926535897949 6.2831853071795862 0 -1 
1 0 0 0 1 
1 6.2831853071795862 0 0 1 
1 3.141592653589802 6.2831853071795702 -1.13e-15 -1 
1 3.1415926535897984 6.2831853071795702 -5.6999999999999999e-16 -1 
1 0 1.5707963267948977 1 0 
1 -1.3299999999999999e-15 1.5707963267948977 1 0 
1 6.2831853071795862 0 -1 0 
1 3.1415926535897927 -0.19999999999999929 -1 0 
1 0 6.2831853071795862 1 0 
1 -3.1415926535897931 -19.800000000000001 1 0 
1 6.2831853071795862 4.7123889803846932 -1 -2.8299999999999998e-15 
Curves 14
1 9.6962066296393896 -0.90503574471220594 7 1.0000000000000001e-17 -1.2e-16 -1 
2 8.5 3.0999999999999999e-15 16.800000000000001 1.0000000000000001e-17 -1.2e-16 -1 -0.79747108642625797 0.60335716314147103 -8.037757044123911e-17 0.60335716314147103 0.79747108642625797 -8.966295873973625e-17 1.5
1 7.3037933703606095 0.90503574471220805 7 -1.0000000000000001e-17 1.2e-16 1 
2 8.5 -1.3899999999999999e-15 -2.7999999999999998 -1.0000000000000001e-17 1.2e-16 1 -0.79747108642625797 0.60335716314147103 -8.037757044123911e-17 -0.60335716314147103 -0.79747108642625797 8.966295873973625e-17 1.5
2 7.46328758764587 0.784364312083911 -2.7999999999999998 0.60335716314147103 0.79747108642625797 -8.9999999999999996e-17 -0.79747108642625797 0.60335716314147103 6.1629758220391547e-33 5.4302144682732394e-17 7.1772397778363208e-17 1 0.20000000000000001
2 8.5 -3.7e-16 -3 1.0000000000000001e-17 -1.2e-16 -1 -0.79747108642625797 0.60335716314147103 -8.037757044123911e-17 0.60335716314147103 0.79747108642625797 -8.966295873973625e-17 1.3
2 9.5367124123541398 -0.78436431208391399 -2.7999999999999998 0.60335716314147103 0.79747108642625797 -8.9999999999999996e-17 0.79747108642625797 -0.60335716314147103 -6.1629758220391547e-33 -5.4302144682732394e-17 -7.1772397778363208e-17 -1 0.20000000000000001
2 7.46328758764587 0.78436431208391499 16.800000000000001 0.60335716314147103 0.79747108642625797 -8.9999999999999996e-17 -0.79747108642625797 0.60335716314147103 6.1629758220391547e-33 5.4302144682732394e-17 7.1772397778363208e-17 1 0.20000000000000001
2 9.5367124123541398 -0.784364312083909 16.800000000000001 0.60335716314147103 0.79747108642625797 -8.9999999999999996e-17 0.79747108642625797 -0.60335716314147103 -6.1629758220391547e-33 -5.4302144682732394e-17 -7.1772397778363208e-17 -1 0.20000000000000001
2 8.5 2.0799999999999999e-15 17 -1.0000000000000001e-17 1.2e-16 1 -0.79747108642625797 0.60335716314147103 -8.037757044123911e-17 -0.60335716314147103 -0.79747108642625797 8.966295873973625e-17 1.3
2 8.5 2.0799999999999999e-15 17 -1.0000000000000001e-17 1.2e-16 1 -0.79747108642625797 0.60335716314147103 -8.037757044123911e-17 -0.60335716314147103 -0.79747108642625797 8.966295873973625e-17 1.3
2 8.5 3.0999999999999999e-15 16.800000000000001 1.0000000000000001e-17 -1.2e-16 -1 -0.79747108642625797 0.60335716314147103 -8.037757044123911e-17 0.60335716314147103 0.79747108642625797 -8.966295873973625e-17 1.5
2 8.5 -1.3899999999999999e-15 -2.7999999999999998 -1.0000000000000001e-17 1.2e-16 1 -0.79747108642625797 0.60335716314147103 -8.037757044123911e-17 -0.60335716314147103 -0.79747108642625797 8.966295873973625e-17 1.5
2 8.5 -3.7e-16 -3 1.0000000000000001e-17 -1.2e-16 -1 -0.79747108642625797 0.60335716314147103 -8.037757044123911e-17 0.60335716314147103 0.79747108642625797 -8.966295873973625e-17 1.3
Polygon3D 0
PolygonOnTriangulations 0
Surfaces 8
2 8.5 2.0799999999999999e-15 17 -1.0000000000000001e-17 1.2e-16 1 0.79747108642625797 -0.60335716314147103 8.037757044123911e-17 0.60335716314147103 0.79747108642625797 -8.966295873973625e-17 1.5
2 8.5 2.0799999999999999e-15 17 -1.0000000000000001e-17 1.2e-16 1 0.79747108642625797 -0.60335716314147103 8.037757044123911e-17 0.60335716314147103 0.79747108642625797 -8.966295873973625e-17 1.5
5 8.5 3.0999999999999999e-15 16.800000000000001 4.9999999999999999e-17 7.0000000000000003e-17 1 -0.79747108642625797 0.60335716314147103 -2.361447098590077e-18 -0.60335716314147103 -0.79747108642625797 8.5990834206911617e-17 1.3 0.20000000000000001
5 8.5 -1.3899999999999999e-15 -2.7999999999999998 4.9999999999999999e-17 7.0000000000000003e-17 1 -0.79747108642625797 0.60335716314147103 -2.361447098590077e-18 -0.60335716314147103 -0.79747108642625797 8.5990834206911617e-17 1.3 0.20000000000000001
5 8.5 -1.3899999999999999e-15 -2.7999999999999998 4.9999999999999999e-17 7.0000000000000003e-17 1 -0.79747108642625797 0.60335716314147103 -2.361447098590077e-18 -0.60335716314147103 -0.79747108642625797 8.5990834206911617e-17 1.3 0.20000000000000001
1 8.5 -3.7e-16 -3 -1.0000000000000001e-17 1.2e-16 1 0 -1 1.2e-16 1 1.2000000000000002e-33 1.0000000000000001e-17 
5 8.5 3.0999999999999999e-15 16.800000000000001 4.9999999999999999e-17 7.0000000000000003e-17 1 -0.79747108642625797 0.60335716314147103 -2.361447098590077e-18 -0.60335716314147103 -0.79747108642625797 8.5990834206911617e-17 1.3 0.20000000000000001
1 8.5 2.0799999999999999e-15 17 -1.0000000000000001e-17 1.2e-16 1 0 -1 1.2e-16 1 1.2000000000000002e-33 1.0000000000000001e-17 
Triangulations 0

TShapes 40
Ve
1e-07
9.69620662963939 -0.905035744712203 16.8
0 0

0101101
*
Ve
1e-07
9.69620662963939 -0.905035744712208 -2.8
0 0

0101101
*
Ed
 1e-07 1 1 0
1  1 0 -9.8 9.8
2  1 1 0 -9.8 9.8
2  2 2 0 -9.8 9.8
4 CN 1 0 2 0
0

0101000
+40 0 -39 0 *
Ve
1e-07
7.30379337036061 0.90503574471221 16.8
0 0

0101101
*
Ed
 1e-07 1 1 0
1  2 0 3.14159265358979 6.28318530717959
2  3 1 0 3.14159265358979 6.28318530717959
2  4 3 0 3.14159265358979 6.28318530717959
4 G1 1 0 3 0
0

0101000
+40 0 -37 0 *
Ve
1e-07
7.30379337036061 0.905035744712205 -2.8
0 0

0101101
*
Ed
 1e-07 1 1 0
1  3 0 -9.8 9.8
2  5 1 0 -9.8 9.8
2  6 2 0 -9.8 9.8
4 CN 1 0 2 0
0

0101000
+35 0 -37 0 *
Ed
 1e-07 1 1 0
1  4 0 0 3.14159265358979
2  7 1 0 0 3.14159265358979
2  8 4 0 0 3.14159265358979
4 G1 1 0 4 0
0

0101000
+35 0 -39 0 *
Wi

0101100
-38 0 +36 0 -34 0 +33 0 *
Fa
0  1e-07 1 0

0101000
+32 0 *
Ve
1e-07
7.46328758764587 0.784364312083911 -3
0 0

0101101
*
Ed
 1e-07 1 1 0
1  5 0 4.71238898038469 6.28318530717959
2  9 4 0 4.71238898038469 6.28318530717959
2  10 5 0 4.71238898038469 6.28318530717959
4 CN 4 0 5 0
0

0101000
+30 0 -35 0 *
Ve
1e-07
9.53671241235413 -0.784364312083913 -3
0 0

0101101
*
Ed
 1e-07 1 1 0
1  6 0 3.14159265358979 6.28318530717959
2  11 4 0 3.14159265358979 6.28318530717959
4 G1 4 0 6 0
0

0101000
+28 0 -30 0 *
Ed
 1e-07 1 1 0
1  7 0 0 1.57079632679494
2  12 4 0 0 1.57079632679494
2  13 5 0 0 1.57079632679494
4 CN 4 0 5 0
0

0101000
+39 0 -28 0 *
Wi

0101100
-29 0 -27 0 -26 0 -33 0 *
Fa
0  1e-07 4 0

0101000
+25 0 *
Ve
1e-07
7.46328758764587 0.784364312083915 17
0 0

0101101
*
Ed
 1e-07 1 1 0
1  8 0 0 1.5707963267949
2  14 3 0 0 1.5707963267949
2  15 7 0 0 1.5707963267949
4 CN 3 0 7 0
0

0101000
+37 0 -23 0 *
Ve
1e-07
9.53671241235413 -0.784364312083909 17
0 0

0101101
*
Ed
 1e-07 1 1 0
1  9 0 4.71238898038465 6.28318530717959
2  16 3 0 4.71238898038465 6.28318530717959
2  17 7 0 4.71238898038465 6.28318530717959
4 G2 3 0 7 0
0

0101000
+21 0 -40 0 *
Ed
 1e-07 1 1 0
1  10 0 0 3.14159265358979
2  18 3 0 0 3.14159265358979
4 G1 3 0 8 0
0

0101000
+23 0 -21 0 *
Wi

0101100
-22 0 -36 0 -20 0 -19 0 *
Fa
0  1e-07 3 0

0101000
+18 0 *
Ed
 1e-07 1 1 0
1  11 0 3.14159265358979 6.28318530717959
2  19 7 0 3.14159265358979 6.28318530717959
4 G1 7 0 8 0
0

0101000
+21 0 -23 0 *
Ed
 1e-07 1 1 0
1  12 0 0 3.14159265358979
2  20 7 0 0 3.14159265358979
2  21 2 0 0 3.14159265358979
4 G1 7 0 2 0
0

0101000
+37 0 -40 0 *
Wi

0101100
+22 0 -16 0 +20 0 -15 0 *
Fa
0  1e-07 7 0

0101000
+14 0 *
Ed
 1e-07 1 1 0
1  13 0 3.14159265358979 6.28318530717959
2  22 5 0 3.14159265358979 6.28318530717959
2  23 2 0 3.14159265358979 6.28318530717959
4 G1 5 0 2 0
0

0101000
+39 0 -35 0 *
Ed
 1e-07 1 1 0
1  14 0 0 3.14159265358979
2  24 5 0 0 3.14159265358979
4 G1 5 0 6 0
0

0101000
+30 0 -28 0 *
Wi

0101100
+29 0 -12 0 +26 0 -11 0 *
Fa
0  1e-07 5 0

0101000
+10 0 *
Wi

0101100
+38 0 +12 0 +34 0 +15 0 *
Fa
0  1e-07 2 0

0101000
+8 0 *
Wi

0101100
+16 0 +19 0 *
Fa
0  1e-07 8 0

0101000
+6 0 *
Wi

0101100
+27 0 +11 0 *
Fa
0  1e-07 6 0

0101000
-4 0 *
Sh

0101100
+31 0 +24 0 +17 0 +13 0 +9 0 +7 0 +5 0 -3 0 *
So

0100000
+2 0 *

+1 1 ]]>
      </Part>
      <ElementMap/>
    </Property>
    <Property name="TreeRank" type="App::PropertyInteger" status="2185">
      <Integer value="1"/>
    </Property>
    <Property name="Visibility" type="App::PropertyBool" status="648">
      <Bool value="true"/>
    </Property>
  </Properties>
</Object>
</Document>
