<?xml version='1.0' encoding='utf-8'?>
<!-- FreeCAD DocumentObject -->
<Document SchemaVersion="4" FileVersion="2">
<Object name="Solid123">
  <Properties Count="8" TransientCount="1">
    <_Property name="_ElementMapVersion" type="App::PropertyString" status="234881024"/>
    <Property name="ColoredElements" type="App::PropertyLinkSubHidden" status="218103808">
      <LinkSub value="" count="0">
      </LinkSub>
    </Property>
    <Property name="ExpressionEngine" type="App::PropertyExpressionEngine" status="67108864">
      <ExpressionEngine count="0"></ExpressionEngine>
    </Property>
    <Property name="Label" type="App::PropertyString" status="134217728">
      <String value="centreTube:1"/>
    </Property>
    <Property name="Label2" type="App::PropertyString" status="128">
      <String value=""/>
    </Property>
    <Property name="Placement" type="App::PropertyPlacement" status="8388608">
      <PropertyPlacement Px="0" Py="0" Pz="0" Q0="0" Q1="0" Q2="0" Q3="1" A="0" Ox="0" Oy="0" Oz="1"/>
    </Property>
    <Property name="Shape" type="Part::PropertyPartShape">
      <Part ElementMap="0.15.70200.4" brep="1">
<![CDATA[

CASCADE Topology V1, (c) Matra-Datavision
Locations 1
1
              1               0               0               0 
              0               1               0               0 
              0               0               1               0 
Curve2ds 8
1 3.1415926535897931 0 0 1 
1 -3.1415926535897931 0 0 1 
1 3.1415926535897931 31.500000000000011 -1 0 
1 3.1415926535897931 0 -1 0 
1 3.1415926535897931 31.500000000000011 -1 0 
1 -3.1415926535897918 0 0 -1 
1 3.1415926535897944 0 0 -1 
1 3.1415926535897931 0 -1 0 
Curves 6
1 0.33940756338961803 22 0.94063941333218803 0 -1 0 
2 -2.9413980825652999e-15 -9.5000000000000107 8.6736173798840404e-16 0 1 0 0.33940756338962097 -0 0.94063941333218681 0.94063941333218681 0 -0.33940756338962097 1
2 -2.9413980825652999e-15 22 8.6736173798840404e-16 0 1 0 0.33940756338962097 -0 0.94063941333218681 0.94063941333218681 0 -0.33940756338962097 1
2 -2.9413980825652999e-15 -9.5000000000000107 8.6736173798840404e-16 0 1 0 0.33940756338962097 -0 0.94063941333218681 0.94063941333218681 0 -0.33940756338962097 1.1499999999999999
1 0.39031869789806101 22 1.0817353253320201 0 1 0 
2 -2.9413980825652999e-15 22 8.6736173798840404e-16 0 1 0 0.33940756338962097 -0 0.94063941333218681 0.94063941333218681 0 -0.33940756338962097 1.1499999999999999
Polygon3D 0
PolygonOnTriangulations 0
Surfaces 4
2 -2.9413980825652999e-15 22 8.6736173798840404e-16 0 -1 0 -0.33940756338962097 -0 -0.94063941333218681 0.94063941333218681 0 -0.33940756338962097 1
1 -2.9413980825652999e-15 -9.5000000000000107 8.6736173798840404e-16 0 1 0 0.33940756338962097 -0 0.94063941333218681 0.94063941333218681 0 -0.33940756338962097 
1 -2.9413980825652999e-15 22 8.6736173798840404e-16 0 1 0 0.33940756338962097 -0 0.94063941333218681 0.94063941333218681 0 -0.33940756338962097 
2 -2.9413980825652999e-15 22 8.6736173798840404e-16 0 -1 0 -0.33940756338962097 -0 -0.94063941333218681 0.94063941333218681 0 -0.33940756338962097 1.1499999999999999
Triangulations 0

TShapes 22
Ve
1e-07
0.339407563389618 22 0.940639413332188
0 0

0101101
*
Ve
1e-07
0.339407563389618 -9.50000000000001 0.940639413332188
0 0

0101101
*
Ed
 1e-07 1 1 0
1  1 0 0 31.5
3  1 2CN 1 0 0 31.5
0

0101000
+22 0 -21 0 *
Ed
 1e-07 1 1 0
1  2 0 0 6.28318530717959
2  3 1 0 0 6.28318530717959
4 C0 1 0 2 0
0

0101000
+21 0 -21 0 *
Ed
 1e-07 1 1 0
1  3 0 0 6.28318530717959
2  4 1 0 0 6.28318530717959
4 C0 1 0 3 0
0

0101000
+22 0 -22 0 *
Wi

0101100
+20 0 +19 0 -20 0 -18 0 *
Fa
0  1e-07 1 0

0101000
+17 0 *
Ve
1e-07
0.390318697898061 -9.50000000000001 1.08173532533202
0 0

0101101
*
Ed
 1e-07 1 1 0
1  4 0 0 6.28318530717959
2  5 4 0 0 6.28318530717959
4 C0 4 0 2 0
0

0101000
+15 0 -15 0 *
Ve
1e-07
0.390318697898061 22 1.08173532533202
0 0

0101101
*
Ed
 1e-07 1 1 0
1  5 0 -31.5 0
3  6 7CN 4 0 -31.5 0
0

0101000
+15 0 -13 0 *
Ed
 1e-07 1 1 0
1  6 0 0 6.28318530717959
2  8 4 0 0 6.28318530717959
4 C0 4 0 3 0
0

0101000
+13 0 -13 0 *
Wi

0101100
+14 0 +12 0 -11 0 -12 0 *
Fa
0  1e-07 4 0

0101000
+10 0 *
Wi

0101100
+11 0 *
Wi

0101100
-18 0 *
Fa
0  1e-07 3 0

0101000
+8 0 +7 0 *
Wi

0101100
-14 0 *
Wi

0101100
+19 0 *
Fa
0  1e-07 2 0

0101000
-5 0 -4 0 *
Sh

0101100
-16 0 +9 0 +6 0 -3 0 *
So

0100000
+2 0 *

+1 1 ]]>
      </Part>
      <ElementMap/>
    </Property>
    <Property name="TreeRank" type="App::PropertyInteger" status="2185">
      <Integer value="2772"/>
    </Property>
    <Property name="Visibility" type="App::PropertyBool" status="649">
      <Bool value="true"/>
    </Property>
  </Properties>
</Object>
</Document>
