<?xml version='1.0' encoding='utf-8'?>
<!-- FreeCAD DocumentObject -->
<Document SchemaVersion="4" FileVersion="2">
<Object name="Import034">
  <Properties Count="32" TransientCount="1">
    <_Property name="_ElementMapVersion" type="App::PropertyString" status="234881024"/>
    <Property name="BindCopyOnChange" type="App::PropertyEnumeration">
      <Integer value="0"/>
    </Property>
    <Property name="BindMode" type="App::PropertyEnumeration">
      <Integer value="0"/>
    </Property>
    <Property name="Cache_Body006" type="App::PropertyMatrix" group="Cache" attr="0" ro="0" hide="1" doc="" status="69206016">
      <PropertyMatrix a11="1" a12="0" a13="0" a14="0" a21="0" a22="1" a23="0" a24="0" a31="0" a32="0" a33="1" a34="0" a41="0" a42="0" a43="0" a44="1"/>
    </Property>
    <Property name="ClaimChildren" type="App::PropertyBool" status="134217728">
      <Bool value="false"/>
    </Property>
    <Property name="ColoredElements" type="App::PropertyLinkSubHidden" status="218103808">
      <LinkSub value="" count="0">
      </LinkSub>
    </Property>
    <Property name="Context" type="App::PropertyXLink" status="67108864">
      <XLink file="" stamp="" name="Body" sub="Import034."/>
    </Property>
    <Property name="EdgeTolerance" type="App::PropertyPrecision">
      <Float value="1e-06"/>
    </Property>
    <Property name="ExpressionEngine" type="App::PropertyExpressionEngine" status="67108864">
      <ExpressionEngine count="0"></ExpressionEngine>
    </Property>
    <Property name="FaceMaker" type="App::PropertyString">
      <String value=""/>
    </Property>
    <Property name="FillStyle" type="App::PropertyEnumeration">
      <Integer value="0"/>
    </Property>
    <Property name="Fuse" type="App::PropertyBool">
      <Bool value="false"/>
    </Property>
    <Property name="Label" type="App::PropertyString" status="134217728">
      <String value="Import034(Pipe001)"/>
    </Property>
    <Property name="Label2" type="App::PropertyString" status="128">
      <String value=""/>
    </Property>
    <Property name="MakeFace" type="App::PropertyBool">
      <Bool value="false"/>
    </Property>
    <Property name="MergeEdges" type="App::PropertyBool">
      <Bool value="true"/>
    </Property>
    <Property name="Offset" type="App::PropertyFloat">
      <Float value="0"/>
    </Property>
    <Property name="OffsetFill" type="App::PropertyBool">
      <Bool value="false"/>
    </Property>
    <Property name="OffsetIntersection" type="App::PropertyBool">
      <Bool value="false"/>
    </Property>
    <Property name="OffsetJoinType" type="App::PropertyEnumeration">
      <Integer value="0"/>
    </Property>
    <Property name="OffsetOpenResult" type="App::PropertyBool">
      <Bool value="false"/>
    </Property>
    <Property name="Outline" type="App::PropertyBool">
      <Bool value="false"/>
    </Property>
    <Property name="PartialLoad" type="App::PropertyBool" status="1024">
      <Bool value="false"/>
    </Property>
    <Property name="Placement" type="App::PropertyPlacement" status="8388608">
      <PropertyPlacement Px="0" Py="0" Pz="0" Q0="0" Q1="0" Q2="0" Q3="1" A="0" Ox="0" Oy="0" Oz="1"/>
    </Property>
    <Property name="Refine" type="App::PropertyBool">
      <Bool value="false"/>
    </Property>
    <Property name="Relative" type="App::PropertyBool">
      <Bool value="true"/>
    </Property>
    <Property name="Shape" type="Part::PropertyPartShape">
      <Part HasherIndex="0" ElementMap="1.15.70200.4" brep="1">
<![CDATA[

CASCADE Topology V1, (c) Matra-Datavision
Locations 43
1
              1               0               0               0 
              0               1               0               0 
              0               0               1               0 
1
              1               0               0           147.5 
              0               1               0           164.5 
              0               0               1             176 
1
              1               0               0               0 
              0               1               0               0 
              0               0               1               0 
2  2 1 3 1 0
1
              1               0               0               0 
              0               1               0               0 
              0               0               1               0 
1
              1               0 1.85186037693839e-30 -1.66667433924456e-29 
              0              -1               0               0 
1.85186037693839e-30               0              -1 9.00000000000003 
2  5 1 6 1 0
2  6 -1 5 -1 0
1
              1               0               0 9.25930188469197e-30 
              0               1               0               0 
              0               0               1              -5 
2  9 -1 6 -1 5 -1 0
2  5 1 6 1 9 1 0
1
0.984811468470533 0.173505163419616 0.00650613830505035 -2.56683530420605 
-0.173486710578872 0.98483066454167 -0.00330506141163081 3.48543139910986 
-0.00698088973089962 0.00212613384905905 0.999973373012212 0.0952965465068609 
2  12 -1 0
1
0.939707369726888 0.341756913087319 0.0123398394641172 -4.48932379246122 
-0.341683662404569 0.93978357074853 -0.00768862776728269 7.36298797269549 
-0.0142244200856757 0.00300873863441832 0.999894301096399 0.215919843446004 
2  14 -1 0
1
0.866058168985615 0.499643004728952 0.0173238494194778 -5.70905162487602 
-0.499480276207637 0.866227451770552 -0.0130175066214308 11.5148521264069 
-0.0215105000599017 0.00262099685629426 0.99976518681271 0.358204812978268 
2  16 -1 0
1
0.766101659942944 0.642366149344199 0.021306731550669 -6.18895798847458 
-0.642081981726605 0.766397273061692 -0.0191297826866347 15.814871568878 
-0.0286177458004951 0.00097468985240836 0.999589953233319 0.517828198304084 
2  18 -1 0
1
0.642874970545702 0.765589776405323 0.0241674679995702 -5.9144611712433 
-0.765155898299226 0.643326324085511 -0.0258397375476141 20.1323923852644 
-0.0353302072420678 -0.00188016017199785 0.999373924741866 0.689939923633655 
2  20 -1 0
1
0.500122281395512 0.865569798358235 0.0258191367367841 -4.89390162007166 
-0.864962487248847 0.500754053349743 -0.032943492621319 24.3362288903309 
-0.0414439296403871 -0.0058568100435566 0.999123665254745 0.86931046128558 
2  22 -1 0
1
0.342181060715853 0.939268372828229 0.0262115526435152 -3.15828852049394 
-0.938469175874805 0.343012447155646 -0.0402252039045086 28.2986496391152 
-0.0467731506340727 -0.0108344312682025 0.998846778779837 1.05048972823918 
2  24 -1 0
1
0.342181060715853 -0.938469175874805 -0.0467731506340727 27.6872516354781 
0.939268372828229 0.343012447155646 -0.0108344312682025 -6.72892708558815 
0.0262115526435152 -0.0402252039045086 0.998846778779837 0.171824316580985 
2  26 -1 0
1
0.984811468470533 0.173505163419615 0.00650613830505031 -2.56683530420604 
-0.173486710578871 0.984830664541671 -0.00330506141163079 3.48543139910984 
-0.00698088973089958 0.00212613384905904 0.999973373012212 0.0952965465068605 
2  28 -1 0
1
              1 9.99123638187271e-13 3.88343633651513e-14 -1.64135371960583e-11 
-9.99123638187271e-13               1 -1.56385090694936e-14 1.86375359589874e-11 
-3.88343633651513e-14 1.56385090694936e-14               1 4.67625937972116e-13 
2  30 -1 0
1
0.984811468470533 0.173505163419615 0.00650613830505031 -2.56683530420604 
-0.173486710578871 0.984830664541671 -0.00330506141163079 3.48543139910984 
-0.00698088973089958 0.00212613384905904 0.999973373012212 0.0952965465068605 
2  32 -1 0
1
0.939707369726888 0.341756913087319 0.0123398394641172 -4.48932379246122 
-0.341683662404569 0.93978357074853 -0.00768862776728269 7.36298797269549 
-0.0142244200856757 0.00300873863441832 0.999894301096399 0.215919843446004 
2  34 -1 0
1
0.866058168985615 0.499643004728951 0.0173238494194778 -5.70905162487602 
-0.499480276207636 0.866227451770552 -0.0130175066214308 11.5148521264068 
-0.0215105000599017 0.00262099685629427 0.99976518681271 0.358204812978268 
2  36 -1 0
1
0.906330700665749 0.422304644575881 0.0149481838485736 -5.18986602247488 
-0.422190843932289 0.90644908489071 -0.010244403376302 9.41236473603277 
-0.0178760266970388 0.0029738309356621 0.999835788516841 0.284610847500741 
2  38 -1 0
1
0.920524295007353 0.390436845345899 0.0139316939945776 -4.93114388829454 
-0.390340288774618 0.920624740615525 -0.00919488585816892 8.58535697689232 
-0.016415884397872 0.003026014365301 0.999860671282003 0.256515934809725 
2  40 -1 0
1
0.927201662686546 0.374322390728249 0.0134098661735608 -4.79099275349931 
-0.37423394662012 0.927293669083546 -0.00868357499561174 8.17535674179003 
-0.0156853405584259 0.00303299803221524 0.999872377363483 0.242773548189711 
2  42 -1 0
Curve2ds 450
1 0 0 1 0 
1 0 -5 1 0 
2 0 0 1 0 0 -1 7.5
1 0 0 0 -1 
1 6.2831853071795862 0 0 -1 
7 0 0  1 2 2  1 4.7123889803846897  2 4.7123889803846897 
 6.1650575824548293 2 6.2831853071795862 2
1 0 4.7123889803846897 1 0 
7 0 0  10 11 2  -4.906299858830188 5.6732651276688415  -3.6777020450813076 6.7356656728556032  -2.1934609850773992 7.5024319768614482  -0.53360800771398864 7.904355918284363  1.2004200637264884 7.8970067496865788  2.8947028957152252 7.4683977402683581  4.4351416565783079 6.6429594192788279  5.7209863178256857 5.4795545585550851  6.676166008320477 4.0638262936575451  7.2557002818578287 2.4969688926960885  7.4471218502899088 0.88405064011695345 
 0 11 1 11
7 0 0  10 11 2  -4.9062998588301872 5.6732651276688397  -3.6777020450813076 6.7356656728556015  -2.1934609850773992 7.5024319768614482  -0.53360800771398864 7.904355918284363  1.2004200637264901 7.897006749686577  2.894702895715227 7.4683977402683546  4.4351416565783115 6.6429594192788244  5.7209863178256857 5.4795545585550833  6.676166008320477 4.0638262936575433  7.2557002818578287 2.4969688926960849  7.4471218502899088 0.88405064011694634 
 0 11 1 11
7 0 0  1 2 2  3.9994075619500422 -5  6.1650575824548293 -5 
 0 2 1 2
7 0 0  10 11 2  -7.448343597104337 -0.88374717227118182  -7.5346070596935411 -0.15689118378337241  -7.5420515386104778 0.57931900627072608  -7.4695364566567362 1.3152682497536716  -7.317260264956424 2.0411818220482161  -7.0867893332439804 2.7473443207487307  -6.7810397884056304 3.4243225632104188  -6.4042160490359059 4.0631828158851597  -5.9617098037707246 4.6556926883726817  -5.4599631811584137 5.194498025115859  -4.906299858830188 5.6732651276688415 
 4 11 5 11
1 0 4.7123889803846897 1 0 
7 0 0  10 11 2  -7.448343597104337 -0.88374717227118182  -7.5346070596935411 -0.15689118378337241  -7.5420515386104778 0.57931900627072608  -7.4695364566567362 1.3152682497536716  -7.317260264956424 2.0411818220482161  -7.0867893332439804 2.7473443207487307  -6.7810397884056304 3.4243225632104188  -6.4042160490359059 4.0631828158851597  -5.9617098037707246 4.6556926883726817  -5.4599631811584137 5.194498025115859  -4.906299858830188 5.6732651276688415 
 4 11 5 11
7 0 0  1 2 2  3.0234649288650361 -5  3.9994075619500422 -5 
 4 2 5 2
1 0 4.7123889803846897 1 0 
7 0 0  10 11 2  4.9050781120157492 -5.6729616598230663  3.6764802982664211 -6.7353622050100626  2.1922392382643547 -7.5021285090150158  0.53238626089744123 -7.9040524504395222  -1.201641810539364 -7.8967032818402103  -2.8959246425295397 -7.4680942724224622  -4.4363634033943438 -6.6426559514337136  -5.7222080646382389 -5.4792510907086225  -6.6773877551360803 -4.0635228258121714  -7.2569220286718901 -2.4966654248501854  -7.448343597104337 -0.88374717227118182 
 3 11 4 11
7 0 0  10 11 2  4.9050781120157492 -5.6729616598230628  3.6764802982664246 -6.7353622050100661  2.1922392382643565 -7.5021285090150123  0.53238626089744479 -7.9040524504395222  -1.2016418105393676 -7.8967032818402139  -2.8959246425295397 -7.4680942724224657  -4.4363634033943455 -6.6426559514337136  -5.7222080646382389 -5.4792510907086225  -6.6773877551360803 -4.0635228258121678  -7.2569220286718892 -2.4966654248501818  -7.4483435971043361 -0.88374717227117827 
 3 11 4 11
7 0 0  1 2 2  0.85781490836024887 -5  3.0234649288650361 -5 
 3 2 4 2
7 0 0  1 2 2  2 4.7123889803846897  3 4.7123889803846897 
 0 2 0.85781490836024887 2
1 0 0 1 0 
1 0 -5 1 0 
2 0 0 1 0 0 -1 6.5
1 1 0 0 1 
8 3.1415926535897931 4.7123889803846897
1 1 0 0 1 
7 0 0  10 11 2  5.019455256810371 -2.8000794115082677  5.0209717305258614 -2.7274451438397733  5.022488204241359 -2.6548108761712808  5.0240046779568495 -2.58217660850279  5.0255211516723506 -2.5095423408342992  5.0270376253878446 -2.4369080731658066  5.0285540991033422 -2.3642738054973158  5.0300705728188255 -2.2916395378288232  5.0315870465343195 -2.2190052701603324  5.0331035202498171 -2.1463710024918399  5.0346199939653147 -2.0737367348233473 
 1 11 2 11
1 0 3.1415926535897931 1 0 
7 0 0  10 11 2  5.019455256810371 -2.8000794115082677  5.0209717305258614 -2.7274451438397733  5.022488204241359 -2.6548108761712808  5.0240046779568495 -2.58217660850279  5.0255211516723506 -2.5095423408342992  5.0270376253878446 -2.4369080731658066  5.0285540991033422 -2.3642738054973158  5.0300705728188255 -2.2916395378288232  5.0315870465343195 -2.2190052701603324  5.0331035202498171 -2.1463710024918399  5.0346199939653147 -2.0737367348233473 
 1 11 2 11
7 0 0  2 3 2  1.0000000000000038 3.9354827344606171  1.5000000000000089 3.9354827344606162  1.9999999999999991 3.9354827344606171 
 1 3 2 3
1 2 0 0 1 
8 3.1415926535897931 4.7123889803846897
1 2 0 0 1 
1 0 0 0 1 
8 3.1415926535897931 4.7123889803846897
1 5 0 0 1 
7 0 0  10 11 2  -5.1319515698542304 -2.588136176970675  -5.1652435352841497 -4.1827154324833682  -4.6419238457929701 -5.7889156061479845  -3.557415151742374 -7.1881570207761767  -2.0053149679369984 -8.1598002140731047  -0.17814481229785883 -8.5325699009207217  1.6629918590773123 -8.236387905560159  3.2542941816339557 -7.3303733395080757  4.3962596768112263 -5.977616727365767  4.9861632913804463 -4.394658667020833  5.019455256810371 -2.8000794115082677 
 0 11 1 11
1 0 3.1415926535897931 1 0 
7 0 0  10 11 2  -5.1319515698542304 -2.588136176970675  -5.1652435352841497 -4.1827154324833682  -4.6419238457929701 -5.7889156061479845  -3.557415151742374 -7.1881570207761767  -2.0053149679369984 -8.1598002140731047  -0.17814481229785883 -8.5325699009207217  1.6629918590773123 -8.236387905560159  3.2542941816339557 -7.3303733395080757  4.3962596768112263 -5.977616727365767  4.9861632913804463 -4.394658667020833  5.019455256810371 -2.8000794115082677 
 0 11 1 11
7 0 0  2 3 2  4.9501458202318864e-17 3.9354827344606171  0.5 3.9354827344606162  1 3.9354827344606171 
 0 3 1 3
1 0 3.9354720000116004 1 0 
7 0 0  10 11 2  -5.1319516828596932 -2.5881359528983907  -5.1652437179138708 -4.182715206957452  -4.6419240985543624 -5.7889154034718233  -3.5574154655989716 -7.1881568654530161  -2.0053153242185395 -8.1598001265194355  -0.17814518485568342 -8.5325698931469489  1.6629914994517137 -8.2363879781761042  3.2542938615677457 -7.3303734816052026  4.3962594158105581 -5.9776169193246398  4.9861630994966184 -4.3946588847367209  5.0194551345508067 -2.8000796306777875 
 0 11 1 11
7 0 0  10 11 2  -5.1319516828596932 -2.5881359528983907  -5.1652437179138726 -4.182715206957452  -4.6419240985543624 -5.7889154034718233  -3.5574154655989716 -7.1881568654530144  -2.0053153242185395 -8.1598001265194355  -0.17814518485568342 -8.5325698931469489  1.6629914994517172 -8.2363879781761042  3.2542938615677457 -7.3303734816052017  4.3962594158105581 -5.9776169193246389  4.9861630994966184 -4.3946588847367201  5.0194551345508103 -2.8000796306777858 
 0 11 1 11
7 0 0  2 3 2  6.8301522234999633e-10 3.1416071247997968  0.022287573291416715 3.1416080443166097  0.044575100569927389 3.1416093155757903 
 2.2072015503108049e-06 3 0.044577613769545964 3
1 4 0 0 1 
8 3.1415926535897931 4.7123889803846897
1 4 0 0 1 
7 0 0  10 11 2  -5.0194552568103692 2.8000794115082623  -5.0307048881147551 2.2612578526603677  -5.0419545194191429 1.7224362938124749  -5.053204150723527 1.183614734964582  -5.0644537820279165 0.64479317611668741  -5.0757034133323007 0.10597161726879456  -5.0869530446366884 -0.43284994157910006  -5.0982026759410743 -0.97167150042699291  -5.1094523072454603 -1.5104930592748858  -5.120701938549848 -2.0493146181227804  -5.1319515698542304 -2.588136176970675 
 4 11 5 11
1 0 3.1415926535897931 1 0 
7 0 0  10 11 2  -5.0194552568103692 2.8000794115082623  -5.0307048881147551 2.2612578526603677  -5.0419545194191429 1.7224362938124749  -5.053204150723527 1.183614734964582  -5.0644537820279165 0.64479317611668741  -5.0757034133323007 0.10597161726879456  -5.0869530446366884 -0.43284994157910006  -5.0982026759410743 -0.97167150042699291  -5.1094523072454603 -1.5104930592748858  -5.120701938549848 -2.0493146181227804  -5.1319515698542304 -2.588136176970675 
 4 11 5 11
7 0 0  2 3 2  4 3.9354827344606171  4.5000000000000027 3.9354827344606171  5 3.9354827344606171 
 4 3 5 3
7 0 0  4 5 2  5 3.1416071292025278  4.7500008714597364 3.1416036213687897  4.5000009360798989 3.1416022565098531  4.2500006750506207 3.1416009748659719  4 3.1416000926881233 
 0 5 1 5
7 0 0  4 5 2  -5.1319505335498583 -2.5881711878007323  -5.1038346813114321 -1.2411106596074086  -5.0757092737267646 0.10594951941184272  -5.0475827648438676 1.4530096149445964  -5.0194546104477453 2.8000695993080384 
 0 5 1 5
7 0 0  2 3 2  4.0483049156215403 3.9354720000750305  4.024153387151169 3.9354719999897312  4.000001858884457 3.9354720000116004 
 0.95169716469082666 3 1 3
7 0 0  2 3 2  2.2072017769078782e-06 3.9354720000763193  1.1036001355128203e-06 3.9354720000763148  0 3.9354720000763104 
 0 3 6.5319227651826681e-06 3
1 3 0 0 1 
8 3.1415926535897931 4.7123889803846897
1 3 0 0 1 
7 0 0  10 11 2  5.1319515698542375 2.5881361769706714  5.1652435352841124 4.1827154324831426  4.6419238457930483 5.7889156061488514  3.5574151517423651 7.1881570207743302  2.0053149679366982 8.1598002140755952  0.17814481229855161 8.5325699009184248  -1.6629918590781489 8.2363879055616245  -3.2542941816332664 7.3303733395074424  -4.396259676811594 5.9776167273659482  -4.986163291380354 4.3946586670208134  -5.0194552568103692 2.8000794115082623 
 3 11 4 11
1 0 3.1415926535897931 1 0 
7 0 0  10 11 2  5.1319515698542375 2.5881361769706714  5.1652435352841124 4.1827154324831426  4.6419238457930483 5.7889156061488514  3.5574151517423651 7.1881570207743302  2.0053149679366982 8.1598002140755952  0.17814481229855161 8.5325699009184248  -1.6629918590781489 8.2363879055616245  -3.2542941816332664 7.3303733395074424  -4.396259676811594 5.9776167273659482  -4.986163291380354 4.3946586670208134  -5.0194552568103692 2.8000794115082623 
 3 11 4 11
7 0 0  2 3 2  3 3.9354827344606171  3.5000000000000009 3.9354827344606162  3.9999999999999996 3.9354827344606171 
 3 3 4 3
7 0 0  6 52 11  4 3.1416000926881229  3.9958333334489384 3.1416000491766058  3.9916666670273919 3.1416000068742398  3.9875000003926702 3.1415999657605926  3.983333333483245 3.1415999258153851  3.9791666665187511 3.1415998870184878  3.9571668232035204 3.1415996881298889  3.939333089397338 3.1415995475743328  3.9215000040463206 3.1415994261344049  3.9036669176262362 3.1415993223211869  3.8858331812074787 3.1415992348215918  3.85933333823772 3.1415991273131803  3.8506666710821791 3.1415990957309319  3.8420000010980626 3.1415990675930572  3.8333333308619841 3.141599042774514  3.824666662962477 3.1415990211587772  3.8046666835639047 3.1415989784181555  3.7933333471434163 3.1415989594903078  3.7820000006572481 3.1415989456134219  3.7706666540246618 3.1415989365693764  3.7593333171654622 3.1415989321627849  3.726023210445637 3.1415989323338973  3.7040448540936532 3.1415989492344263  3.6820683271167187 3.1415989816606249  3.660091801268373 3.1415990286346269  3.6381134479382529 3.1415990894563985  3.6049700103789308 3.141599201281128  3.5938033401467018 3.141599242398982  3.5826366611070668 3.1415992868932001  3.5714699824058154 3.1415993347112217  3.5603033132028248 3.1415993858135423  3.5358033643867999 3.1415995050813135  3.5224700223932142 3.1415995746333096  3.5091366589590689 3.1415996487849043  3.4958032963508718 3.1415997275138348  3.4824699568338739 3.1415998108203813  3.4504701843362362 3.1416000217962696  3.4318030104185091 3.1416001538863525  3.4131366527967097 3.1416002950492565  3.3944702974916199 3.1416004454266231  3.3758031303154201 3.1416006052413969  3.3269720640353722 3.1416010486755988  3.2967999855753058 3.1416013480006413  3.2666366490795045 3.1416016737631005  3.2364733149448623 3.1416020275101344  3.2063012456018916 3.1416024113309682  3.1467823809710436 3.1416032307379558  3.1174215369226976 3.1416036648408125  3.088068358411447 3.1416041302667193  3.0587151479764825 3.1416046282374652  3.0293543187108112 3.1416051594250711  3 3.1416057207007708 
 0 7 0.025000704274324242 5 0.13200278311913274 5 0.18400420756603086 5 0.25200599798253692 5 0.38387039527127742 5 0.45087218177147026 5 0.53087422021549169 5 0.64287627307027195 5 0.82386911196226909 5 1 7
7 0 0  6 52 11  -5.0194546104477462 2.8000695993080313  -5.0180672791803493 2.8665104267939761  -5.0156363404890474 2.9329294646094688  -5.0121621864978989 2.9993062130458212  -5.0076457644086121 3.0656202005352213  -5.0020885765005323 3.1318509836507302  -4.9672624904657035 3.4809999324213949  -4.9200040562774268 3.7621327075094744  -4.8538765859101805 4.0397577093524983  -4.7692238924214596 4.3123056991175872  -4.6665502544877322 4.5782514134615413  -4.488222674740082 4.9614419067073774  -4.4258067353673569 5.0848574565661577  -4.3593742016576007 5.2062000235959225  -4.2890118712157053 5.3253068771919558  -4.2148152762823239 5.4420202558272335  -4.0349847864710986 5.7054826614134626  -3.9267015911054526 5.8504248027359784  -3.8122728508656336 5.9906714889363188  -3.6919546957971847 6.1258994859811766  -3.5660256327624893 6.2558046278875663  -3.1802967291520128 6.6211303806776467  -2.9058192102008622 6.8410916661042283  -2.613572979904669 7.0378736038634271  -2.3060179503282896 7.2097482475144332  -1.985806761456328 7.3553012257931583  -1.4881589947231941 7.5335680587709888  -1.3179627672252259 7.5865714614284272  -1.1456105091810518 7.6323831845302337  -0.97148200444726085 7.6708965412206576  -0.795963588493251 7.7020317652161649  -0.40868369327488391 7.7540395541283518  -0.19649443118749679 7.7717491025625618  0.016449400496361479 7.7787749011075489  0.22947712405900186 7.7750835320565947  0.4419176214296166 7.7606979149967801  0.94875161772529548 7.7006967056479407  1.2419520093181715 7.6448894678189578  1.5308455461174404 7.5684922949488618  1.8136427128781003 7.4719430047698188  2.0886113982992827 7.355869157317672  2.7830912397043051 7.003364736452216  3.1874408044487055 6.7367702154851443  3.5599346452214071 6.42493593941703  3.8945252858612438 6.0727408697775349  4.1859640507468026 5.6859145070477233  4.6678858496396778 4.8680567463534192  4.8609832758222762 4.4383008306913041  5.0057011411614241 3.9885110821411165  5.0997215544743035 3.5254615185658071  5.1417479808901145 3.0561961333932186  5.131978527804165 2.5881177804657405 
 0 7 0.025000704274324242 5 0.13200278311913274 5 0.18400420756603086 5 0.25200599798253692 5 0.38387039527127742 5 0.45087218177147026 5 0.53087422021549169 5 0.64287627307027195 5 0.82386911196226909 5 1 7
7 0 0  10 11 2  5.0346199939653147 -2.0737367348233473  5.0443531515542013 -1.607549443643947  5.0540863091430985 -1.141362152464545  5.0638194667319887 -0.67517486128514292  5.0735526243208824 -0.20898757010574087  5.083285781909769 0.25719972107366118  5.0930189394986662 0.72338701225306323  5.1027520970875635 1.1895743034324653  5.1124852546764536 1.6557615946118673  5.1222184122653402 2.1219488857912676  5.1319515698542375 2.5881361769706714 
 2 11 3 11
1 0 3.1415926535897931 1 0 
7 0 0  10 11 2  5.0346199939653147 -2.0737367348233473  5.0443531515542013 -1.607549443643947  5.0540863091430985 -1.141362152464545  5.0638194667319887 -0.67517486128514292  5.0735526243208824 -0.20898757010574087  5.083285781909769 0.25719972107366118  5.0930189394986662 0.72338701225306323  5.1027520970875635 1.1895743034324653  5.1124852546764536 1.6557615946118673  5.1222184122653402 2.1219488857912676  5.1319515698542375 2.5881361769706714 
 2 11 3 11
7 0 0  2 3 2  2 3.9354827344606171  2.4999999999999991 3.9354827344606171  3 3.9354827344606171 
 2 3 3 3
1 0 0 0 -1 
1 6.2831853071795862 0 0 -1 
7 0 0  1 2 2  1 4.7123889803846897  2 4.7123889803846897 
 6.0689726465749816 2 6.2831853071795862 2
1 0 4.7123889803846897 1 0 
7 0 0  10 11 2  -3.7609029959594 5.3020573491778364  -2.714582447736559 6.0441435349119814  -1.5055404699084409 6.5567973635188288  -0.19037503796329069 6.7998765576595464  1.1630008208868237 6.7492012440388791  2.480601930442452 6.4002551737862916  3.6890962917059742 5.7698763808043942  4.722965271432793 4.8950568934291194  5.5306017488926376 3.8290029884704904  6.0781383762297967 2.6353530842421868  6.3508255699530611 1.3819097105435851 
 0 11 1 11
7 0 0  10 11 2  -3.7609029959594018 5.3020573491778347  -2.7145824477365572 6.0441435349119796  -1.5055404699084391 6.556797363518827  -0.19037503796329069 6.7998765576595446  1.1630008208868254 6.7492012440388756  2.4806019304424556 6.4002551737862934  3.6890962917059742 5.7698763808043907  4.722965271432793 4.8950568934291177  5.5306017488926411 3.8290029884704921  6.0781383762298002 2.6353530842421833  6.3508255699530611 1.3819097105435851 
 0 11 1 11
7 0 0  1 2 2  4.0954924978298886 -5  6.0689726465749816 -5 
 0 2 1 2
1 0 4.7123889803846897 1 0 
7 0 0  10 11 2  -6.3520473167674965 -1.38160624269781  -6.5134521938834506 -0.63968700937626366  -6.5785627190451459 0.12318085926300171  -6.5443221679176551 0.89293775965214905  -6.4100144544960838 1.6550119980486464  -6.1773745081195841 2.3947794396790165  -5.8505755270737545 3.0980430021744709  -5.436104496496144 3.7515026195373657  -4.942537358299572 4.3431863028772693  -4.380225220827958 4.8628129241556266  -3.7609029959594 5.3020573491778364 
 4 11 5 11
7 0 0  10 11 2  -6.3520473167674956 -1.3816062426978135  -6.5134521938834498 -0.63968700937626721  -6.5785627190451468 0.12318085926300171  -6.5443221679176551 0.89293775965214195  -6.4100144544960838 1.6550119980486464  -6.1773745081195832 2.394779439679013  -5.8505755270737554 3.0980430021744674  -5.4361044964961431 3.7515026195373622  -4.9425373582995702 4.3431863028772693  -4.3802252208279562 4.8628129241556266  -3.7609029959594018 5.3020573491778347 
 4 11 5 11
7 0 0  1 2 2  2.9273799929851885 -5  4.0954924978298886 -5 
 4 2 5 2
1 0 4.7123889803846897 1 0 
7 0 0  10 11 2  3.7596812491449558 -5.3017538813320648  2.7133607009223741 -6.0438400670659966  1.5043187230933253 -6.5564938956737251  0.18915329114981283 -6.7995730898127924  -1.164222567701902 -6.7488977761938109  -2.481823677257017 -6.3999517059406159  -3.6903180385197132 -5.7695729129578979  -4.7241870182479326 -4.8947534255841703  -5.5318234957066714 -3.8286995206242054  -6.0793601230443581 -2.6350496163965857  -6.3520473167674965 -1.38160624269781 
 3 11 4 11
7 0 0  10 11 2  3.7596812491449594 -5.3017538813320684  2.7133607009223741 -6.0438400670659966  1.504318723093327 -6.5564938956737286  0.18915329114981461 -6.7995730898127924  -1.1642225677018985 -6.7488977761938145  -2.4818236772570152 -6.3999517059406195  -3.6903180385197132 -5.769572912957905  -4.7241870182479309 -4.8947534255841667  -5.5318234957066705 -3.8286995206242089  -6.0793601230443572 -2.6350496163965857  -6.3520473167674956 -1.3816062426978135 
 3 11 4 11
7 0 0  1 2 2  0.95389984424009699 -5  2.9273799929851885 -5 
 3 2 4 2
7 0 0  1 2 2  2 4.7123889803846897  3 4.7123889803846897 
 0 2 0.95389984424009699 2
1 1 0 0 1 
8 3.9354720000116004 5.411557026667432
1 1 0 0 1 
1 0 5.411557026667432 1 0 
7 0 0  10 11 2  4.997601250856512 -2.8389007596854245  4.9996806623344519 -2.7662804279581898  5.0017600738124095 -2.6936600962309534  5.0038394852903529 -2.6210397645037258  5.0059188967683035 -2.5484194327764964  5.0079983082462576 -2.4757991010492635  5.0100777197242117 -2.4031787693220306  5.0121571312021516 -2.3305584375947959  5.0142365426800914 -2.2579381058675665  5.0163159541580455 -2.1853177741403318  5.0183953656359996 -2.1126974424130989 
 1 11 2 11
1 6.2831853071795862 0 0 1 
1 0 0 0 1 
7 0 0  10 11 2  4.9976012508565155 -2.8389007596854245  4.9996806623344519 -2.7662804279581881  5.0017600738124095 -2.6936600962309551  5.0038394852903458 -2.6210397645037293  5.0059188967683106 -2.5484194327764964  5.0079983082462576 -2.4757991010492635  5.0100777197242117 -2.4031787693220306  5.0121571312021516 -2.3305584375947959  5.014236542680095 -2.2579381058675665  5.0163159541580491 -2.1853177741403336  5.0183953656359925 -2.1126974424130971 
 1 11 2 11
1 6.2831853071795862 0 0 1 
1 0 0 0 1 
1 2 0 0 1 
8 3.9354720000116004 5.411557026667432
1 2 0 0 1 
1 0 0 0 1 
8 3.9354720000116004 5.411557026667432
1 5 0 0 1 
1 0 5.411557026667432 1 0 
7 0 0  10 11 2  -5.1518578806804616 -2.5482810212302756  -5.1975083224462573 -4.1425543335077499  -4.6866539022629858 -5.7527624742984376  -3.6130232116377137 -7.1603678110422013  -2.0685007921970175 -8.1440120411853965  -0.24427483552459606 -8.5309328032199687  1.5991022167696407 -8.2490302311614183  3.1973791961758948 -7.3553769579213233  4.3497955133045956 -6.011512278764334  4.9519508090907074 -4.4331740719627728  4.997601250856512 -2.8389007596854245 
 0 11 1 11
1 6.2831853071795862 0 0 1 
1 0 0 0 1 
7 0 0  10 11 2  -5.1518578806804634 -2.5482810212302738  -5.1975083224462537 -4.142554333507749  -4.6866539022629858 -5.7527624742984376  -3.6130232116377137 -7.1603678110422013  -2.0685007921970175 -8.1440120411853947  -0.24427483552459961 -8.5309328032199687  1.5991022167696407 -8.2490302311614183  3.1973791961758948 -7.3553769579213224  4.349795513304592 -6.011512278764334  4.9519508090907074 -4.4331740719627737  4.9976012508565191 -2.838900759685421 
 0 11 1 11
1 6.2831853071795862 0 0 1 
1 0 0 0 1 
1 6.2831853071795862 0 0 1 
1 0 0 0 1 
1 0 0 0 1 
1 0 0 0 1 
1 0 0 0 1 
1 0 0 0 1 
1 0 0 0 1 
1 0 0 0 1 
1 0 0 0 1 
1 0 0 0 1 
1 0 0 0 1 
1 0 0 0 1 
1 0 0 0 1 
1 0 0 0 1 
1 0 0 0 1 
1 0 0 0 1 
1 0 0 0 1 
1 0 0 0 1 
1 4 0 0 1 
8 3.9354720000116004 5.411557026667432
1 4 0 0 1 
1 0 5.411557026667432 1 0 
7 0 0  10 11 2  -4.9976012508554728 2.8389007596762248  -5.0130269138379724 2.3001825815855739  -5.0284525768204684 1.7614644034949265  -5.0438782398029716 1.2227462254042774  -5.0593039027854694 0.68402804731362643  -5.074729565767969 0.14530986922297551  -5.0901552287504686 -0.39340830886767542  -5.1055808917329664 -0.93212648695832279  -5.1210065547154677 -1.4708446650489737  -5.1364322176979655 -2.0095628431396229  -5.1518578806804616 -2.5482810212302756 
 4 11 5 11
1 6.2831853071795862 0 0 1 
1 0 0 0 1 
7 0 0  10 11 2  -4.9976012508554746 2.8389007596762248  -5.0130269138379759 2.3001825815855756  -5.0284525768204684 1.7614644034949247  -5.043878239802968 1.2227462254042756  -5.0593039027854694 0.68402804731362465  -5.0747295657679672 0.14530986922297728  -5.0901552287504686 -0.39340830886767186  -5.1055808917329699 -0.93212648695832634  -5.1210065547154677 -1.4708446650489737  -5.1364322176979655 -2.0095628431396229  -5.1518578806804634 -2.5482810212302738 
 4 11 5 11
1 6.2831853071795862 0 0 1 
1 0 0 0 1 
1 6.2831853071795862 0 0 1 
1 0 0 0 1 
1 0 0 0 1 
1 6.1086523819801526 0 0 1 
1 0 0 0 1 
1 5.9341194567807207 0 0 1 
1 0 0 0 1 
1 5.7595865315812871 0 0 1 
1 0 0 0 1 
1 5.5850536063818543 0 0 1 
1 0 0 0 1 
1 5.4105206811824216 0 0 1 
1 0 0 0 1 
1 5.2359877559829888 0 0 1 
1 0 0 0 1 
1 5.0614548307835552 0 0 1 
1 0 0 0 1 
1 5.0614548307835552 0 0 1 
1 0 0 0 1 
1 0.17453292519943295 0 0 1 
1 0 0 0 1 
1 1.000000357564167e-12 0 0 1 
1 0 0 0 1 
1 0.17453292519943295 0 0 1 
1 0 0 0 1 
1 0.3490658503988659 0 0 1 
1 0 0 0 1 
1 0.52359877559829882 0 0 1 
1 0 0 0 1 
1 0.43633231299858238 0 0 1 
1 0 0 0 1 
1 0.40142572795869574 0 0 1 
1 0 0 0 1 
1 0.38397243543875248 0 0 1 
1 3 0 0 1 
8 3.9354720000116004 5.411557026667432
1 3 0 0 1 
7 0 0  10 11 2  5.1518578806815043 2.5482810212210776  5.1975083224472556 4.1425543334983299  4.6866539022641014 5.7527624742901065  3.6130232116387155 7.1603678110311595  2.0685007921977672 8.1440120411786996  0.24427483552630136 8.5309328032084704  -1.5991022167694275 8.2490302311536983  -3.1973791961741735 7.3553769579114903  -4.3497955133039277 6.0115122787553172  -4.9519508090895794 4.4331740719535535  -4.9976012508554728 2.8389007596762248 
 3 11 4 11
1 0 5.411557026667432 1 0 
1 6.2831853071795862 0 0 1 
1 0 0 0 1 
7 0 0  10 11 2  5.1518578806815043 2.5482810212210776  5.1975083224472556 4.1425543334983299  4.6866539022641014 5.7527624742901065  3.6130232116387155 7.1603678110311595  2.0685007921977672 8.1440120411786996  0.24427483552630136 8.5309328032084704  -1.5991022167694275 8.2490302311536983  -3.1973791961741735 7.3553769579114903  -4.3497955133039277 6.0115122787553172  -4.9519508090895794 4.4331740719535535  -4.9976012508554728 2.8389007596762248 
 3 11 4 11
1 6.2831853071795862 0 0 1 
1 0 0 0 1 
1 6.2831853071795862 0 0 1 
1 0 0 0 1 
1 0 0 0 1 
1 0 0 0 1 
1 0 0 0 1 
1 0 0 0 1 
1 0 0 0 1 
1 0 0 0 1 
1 0 0 0 1 
1 0 0 0 1 
1 0 0 0 1 
1 0 0 0 1 
1 0 0 0 1 
1 0 0 0 1 
1 0 0 0 1 
1 0 0 0 1 
1 0 0 0 1 
1 0 0 0 1 
7 0 0  10 11 2  5.0183953656359996 -2.1126974424130989  5.0317416171405434 -1.6465995960496809  5.0450878686451013 -1.1805017496862664  5.0584341201496485 -0.71440390332284665  5.0717803716541958 -0.24830605695943042  5.0851266231587466 0.21779178940398758  5.0984728746632975 0.68388963576740736  5.1118191261678554 1.1499874821308236  5.1251653776724062 1.6160853284942398  5.1385116291769464 2.0821831748576596  5.1518578806815043 2.5482810212210776 
 2 11 3 11
1 0 5.411557026667432 1 0 
1 6.2831853071795862 0 0 1 
1 0 0 0 1 
7 0 0  10 11 2  5.0183953656359996 -2.1126974424130989  5.0317416171405434 -1.6465995960496809  5.0450878686451013 -1.1805017496862664  5.0584341201496485 -0.71440390332284665  5.0717803716541958 -0.24830605695943042  5.0851266231587466 0.21779178940398758  5.0984728746632975 0.68388963576740736  5.1118191261678554 1.1499874821308236  5.1251653776724062 1.6160853284942398  5.1385116291769464 2.0821831748576596  5.1518578806815043 2.5482810212210776 
 2 11 3 11
1 6.2831853071795862 0 0 1 
1 0 0 0 1 
1 1 0 0 1 
8 3.1415926535897931 4.7123889803846897
1 1 0 0 1 
1 2 0 0 1 
8 3.1415926535897931 4.7123889803846897
1 2 0 0 1 
7 0 0  4 5 2  2 3.1416133383463336  1.7499998322978974 3.1416142306411188  1.4999997673762584 3.141615227866875  1.2499998148868694 3.1416163548967861  1 3.1416176678397134 
 0 5 1 5
7 0 0  4 5 2  4.0429782747910785 -1.6653149654737671  4.0371644013105721 -1.9438033052724599  4.0313502779220842 -2.2222917321199764  4.0255358574767337 -2.5007802536961607  4.0197210450959311 -2.7792688906139382 
 0 5 1 5
1 0 0 0 1 
8 3.1415926535897931 4.7123889803846897
1 5 0 0 1 
7 0 0  10 11 2  -4.1321694485170664 -2.6090098411087794  -4.158903758956086 -3.8894982798631936  -3.7386644953072441 -5.1793186168528162  -2.8677759272675623 -6.3029457104987534  -1.6213992832202564 -7.0832003584286989  -0.15413432800318816 -7.3825440709995211  1.3243461010601116 -7.1447022581680733  2.6022030777826508 -6.4171490975740628  3.5192309451509765 -5.3308505041913294  3.992938825034134 -4.0596941861245961  4.0196731354732087 -2.7792057473701561 
 0 11 1 11
1 0 3.1415926535897931 1 0 
7 0 0  10 11 2  -4.1321694485170664 -2.6090098411087794  -4.158903758956086 -3.8894982798631936  -3.7386644953072441 -5.1793186168528162  -2.8677759272675623 -6.3029457104987534  -1.6213992832202564 -7.0832003584286989  -0.15413432800318816 -7.3825440709995211  1.3243461010601116 -7.1447022581680733  2.6022030777826508 -6.4171490975740628  3.5192309451509765 -5.3308505041913294  3.992938825034134 -4.0596941861245961  4.0196731354732087 -2.7792057473701561 
 0 11 1 11
7 0 0  2 3 2  0.99999999999999989 3.9354827343304968  0.5 3.9354827343304959  1.3754365373247949e-16 3.9354827343304963 
 0 3 1 3
7 0 0  8 65 10  1 3.141617667839713  0.96376565074193732 3.1416198552937269  0.92748909420268077 3.1416224170498186  0.89123726785571256 3.1416254359857176  0.85500023599995889 3.1416290267647446  0.81876308848485779 3.1416333296071013  0.78251124447434717 3.1416385147146477  0.74623453404403572 3.1416448050877746  0.70537500902539196 3.1416526211061817  0.70075001526820446 3.1416535163877564  0.69612501881582667 3.1416544213512179  0.69150001976330211 3.1416553349064955  0.68687501822157981 3.1416562557586261  0.68225001431751264 3.1416571824077488  0.67762500819385885 3.1416581131491106  0.66800001098031736 3.1416600546355  0.66300001823250598 3.1416610657310113  0.65800002200185403 3.1416620769082368  0.65300002256925627 3.1416630853848617  0.64800002026049575 3.1416640880476243  0.64300001544624452 3.1416650814523108  0.63800000854206307 3.1416660618237562  0.62162506398877571 3.141669216392784  0.61025006878249544 3.1416713260311511  0.59887503388150143 3.1416732929144446  0.58749997954667488 3.1416750590836848  0.57612492680783822 3.1416765696774149  0.56474989746375481 3.1416777729316978  0.55337491408212858 3.1416786201801199  0.53982679528381006 3.1416791510008131  0.53765359159356252 3.1416792217833147  0.53548038881755367 3.1416792779938612  0.5333071869327195 3.1416793194536168  0.53113398600423922 3.1416793460123422  0.52896078618553577 3.141679357548389  0.52678758771827583 3.1416793539687022  0.51786434837365392 3.1416792769398283  0.51111431385219386 3.1416790719943677  0.50436428982946147 3.1416787188878876  0.49761427844678568 3.1416782188058314  0.490864281525351 3.1416775756036395  0.48411430056619903 3.1416767958067493  0.47736433675022738 3.1416758886105969  0.46698937697911913 3.1416743166302092  0.46336436708268308 3.1416737339162903  0.45973936124052317 3.1416731195099805  0.45611435942130496 3.1416724752600573  0.45248936157071806 3.1416718030929478  0.44886436761147641 3.1416711050127337  0.44523937744331854 3.1416703831011494  0.3997711174236615 3.1416610563213014  0.35784125401244438 3.141649546219738  0.31596590310933892 3.1416384582473613  0.27411542622546342 3.141631109041604  0.23226486128329948 3.1416246942047747  0.19038895734372285 3.14162011269064  0.14845827575180076 3.1416164522592465  0.093287750549930187 3.1416127101545679  0.079960799795657483 3.1416118870052641  0.066633968110559119 3.1416111363792583  0.053307286645915622 3.1416104509578209  0.039980592461124204 3.1416098243071593  0.02665372625848092 3.1416092508069435  0.013326723656246984 3.1416087255500318  0 3.1416082442133981 
 0 9 0.28998428659003406 7 0.3269980014435292 7 0.36701266969987423 7 0.45804537258388789 7 0.47543738959286858 7 0.52945774143299207 7 0.55846901573761742 7 0.89334658997655625 7 1 9
