<?xml version='1.0' encoding='utf-8'?>
<!-- FreeCAD DocumentObject -->
<Document SchemaVersion="4" FileVersion="2">
<Object name="Pad025">
  <Properties Count="43" TransientCount="2">
    <_Property name="_Body" type="App::PropertyLinkHidden" status="251658240"/>
    <_Property name="_ElementMapVersion" type="App::PropertyString" status="234881024"/>
    <Property name="AddSubShape" type="Part::PropertyPartShape">
      <Part HasherIndex="0" ElementMap="1.15.70200.4" brep="1">
<![CDATA[

CASCADE Topology V1, (c) Matra-Datavision
Locations 7
1
              1               0               0               0 
              0               1               0               0 
              0               0               1               0 
1
              1               0               0               0 
              0               1               0               0 
              0               0               1 9.00000000000003 
2  1 1 2 1 0
1
              1               0               0              -0 
              0               1               0              -0 
              0               0               1              -2 
2  1 1 2 1 4 1 0
2  2 -1 1 -1 0
2  4 -1 2 -1 1 -1 0
Curve2ds 53
1 4.7123889803846897 0 0 -1 
1 0 0 0 -1 
1 0 0 0 -1 
1 9.5316332029478801 0 0 -1 
1 -3.4419980012407354 -3.8231601986646204 -1 0 
1 0 0 1 0 
1 0 -2 1 0 
1 12.531616504655629 0 0 -1 
1 16 0 0 -1 
1 -12.973631204188615 -3.8231601986646204 0 -1 
1 0 0 1 0 
1 0 -2 1 0 
1 4.7123889803846897 0 0 -1 
1 0 0 0 -1 
1 1.5707963267948968 3.2895648461888414e-45 0 -1 
1 0 0 1 0 
1 0 -2 1 0 
1 -0.44201469953298655 -19.82316019866462 -1 0 
1 6.2831853071795862 0 0 -1 
1 39.531327144386182 0 0 -1 
1 0 0 1 0 
1 0 -2 1 0 
2 -0.44201469953298478 -12.32316019866462 1 0 -0 1 7.5
1 6.2831853071795862 -2 -1 0 
1 0 0 0 -1 
1 6.9999999999999991 0 0 -1 
1 0 0 1 0 
1 0 -2 1 0 
1 7.0579853004670152 27.208166945721565 0 -1 
1 0 0 0 -1 
1 0 0 0 -1 
1 0.058001998759266371 27.223456674714388 0.9999976145296785 -0.0021842469989746659 
1 0 0 1 0 
1 0 -2 1 0 
1 6.2831853071795862 0 0 -1 
1 27.546616873379008 0 0 -1 
1 0.058001998759266371 27.223456674714388 0 -1 
1 0 0 1 0 
1 0 -2 1 0 
1 0 0 1 0 
1 0 -2 1 0 
2 -3.4419980012407336 -0.32316019866462042 1 0 -0 1 3.5
1 0 0 0 -1 
1 6.2831853071795862 0 0 -1 
1 0 0 1 0 
1 0 -2 1 0 
2 -0.44201469953298478 -12.32316019866462 1 0 -0 1 6.5
1 6.2831853071795862 -2 -1 0 
1 0 0 0 -1 
1 6.2831853071795862 0 0 -1 
1 0 0 1 0 
1 0 -2 1 0 
2 3.5579936496131399 23.715820159364103 1 0 -0 1 2
Curves 20
1 9.5316332029478801 -10.900412035521811 9.0000000000000284 -0 -0 -1 
1 0 -10.900412035521811 9.0000000000000284 -0 -0 -1 
1 9.5316332029478801 -10.900412035521811 0 -1 0 0 
1 0 -26.900412035521811 9.0000000000000284 -0 -0 -1 
1 0 -10.900412035521811 0 0 -1 0 
1 12.531616504655629 -26.900412035521811 9.0000000000000284 -0 -0 -1 
1 12.531616504655629 -26.900412035521811 0 -1 0 0 
1 20.031616504655631 -19.400412035521811 9.0000000000000284 -0 -0 -1 
2 12.531616504655631 -19.400412035521811 0 0 0 1 1 0 -0 -0 1 0 7.5
1 20.031616504655631 20.130915108864375 9.0000000000000284 -0 -0 -1 
1 20.031616504655631 20.130915108864375 0 0 -1 0 
1 13.031633202947882 20.146204837857198 9.0000000000000284 -0 -0 -1 
1 13.031633202947882 20.146204837857198 0 0.9999976145296785 -0.0021842469989746659 0 
1 13.031633202947882 -7.4004120355218106 9.0000000000000284 -0 -0 -1 
1 13.031633202947882 20.146204837857198 0 0 -1 0 
2 9.5316332029478819 -7.4004120355218106 0 0 0 1 1 0 0 0 1 0 3.5
1 19.031616504655631 -19.400412035521811 9.0000000000000284 -0 -0 -1 
2 12.531616504655631 -19.400412035521811 0 0 0 1 1 0 -0 -0 1 0 6.5
1 18.531624853801755 16.638568322506913 9.0000000000000284 -0 -0 -1 
2 16.531624853801755 16.638568322506913 0 0 0 1 1 0 -0 -0 1 0 2
Polygon3D 0
PolygonOnTriangulations 0
Surfaces 13
1 9.5316332029478801 -10.900412035521811 9.0000000000000284 0 1 -0 -1 0 0 0 0 1 
2 9.5316332029478819 -7.4004120355218106 9.0000000000000284 0 0 1 1 0 0 0 1 0 3.5
1 0 -10.900412035521811 9.0000000000000284 -1 0 0 0 -1 0 0 0 1 
1 12.973631204188615 -7.0772518368571902 9.0000000000000284 0 0 1 1 0 -0 -0 1 0 
1 12.531616504655629 -26.900412035521811 9.0000000000000284 0 1 -0 -1 0 0 0 0 1 
2 12.531616504655631 -19.400412035521811 9.0000000000000284 0 0 1 1 0 0 0 1 0 7.5
2 12.531616504655631 -19.400412035521811 9.0000000000000284 -1.8518603769383937e-30 -0 1 1 0 1.8518603769383937e-30 0 -1 0 7.5
1 20.031616504655631 20.130915108864375 9.0000000000000284 -1 0 0 0 -1 0 0 0 1 
1 13.031633202947882 20.146204837857198 9.0000000000000284 -0.0021842469989746659 -0.9999976145296785 0 0.9999976145296785 -0.0021842469989746659 0 0 0 1 
1 13.031633202947882 20.146204837857198 9.0000000000000284 -1 0 0 0 -1 0 0 0 1 
2 12.531616504655631 -19.400412035521811 9.0000000000000284 0 0 1 1 0 0 0 1 0 6.5
2 12.531616504655631 -19.400412035521811 9.0000000000000284 -1.8518603769383937e-30 -0 1 1 0 1.8518603769383937e-30 0 -1 0 6.5
2 16.531624853801755 16.638568322506913 9.0000000000000284 0 0 1 1 0 0 0 1 0 2
Triangulations 0

TShapes 56
Ve
1.00000000888178e-07
9.53163320294788 -10.9004120355218 0
0 0

0101101
*
Ed
 1.00000000888178e-07 1 1 0
1  1 0 0 2
2  1 2 0 0 2
4 G1 1 0 2 0
2  2 1 0 0 2
0

0101000
+56 3 -56 5 *
Ve
1e-07
0 -10.9004120355218 0
0 0

0101101
*
Ed
 1e-07 1 1 0
1  2 0 0 2
2  3 3 0 0 2
2  4 1 0 0 2
0

0101000
+54 3 -54 5 *
Ed
 1e-07 1 1 0
1  3 0 0 9.53163320294788
2  5 4 6 0 9.53163320294788
2  6 1 6 0 9.53163320294788
2  7 1 7 0 9.53163320294788
0

0101000
+56 0 -54 0 *
Wi

0101100
+55 0 -53 0 -52 3 +52 5 *
Fa
0  1e-07 1 0

0111000
+51 0 *
Ve
1e-07
0 -26.9004120355218 0
0 0

0101101
*
Ed
 1e-07 1 1 0
1  4 0 0 2
2  8 5 0 0 2
2  9 3 0 0 2
0

0101000
+49 3 -49 5 *
Ed
 1e-07 1 1 0
1  5 0 0 16
2  10 4 6 0 16
2  11 3 6 0 16
2  12 3 7 0 16
0

0101000
+54 0 -49 0 *
Wi

0101100
+53 0 -48 0 -47 3 +47 5 *
Fa
0  1e-07 3 0

0111000
+46 0 *
Ve
1.00000006404746e-07
12.5316165046556 -26.9004120355218 0
0 0

0101101
*
Ed
 1e-07 1 1 0
1  6 0 0 2
2  13 6 0 0 2
4 G1 5 0 6 0
2  14 5 0 0 2
2  15 7 0 0 2
0

0101000
+44 3 -44 5 *
Ed
 1e-07 1 1 0
1  7 0 0 12.5316165046556
2  16 5 6 0 12.5316165046556
2  17 5 7 0 12.5316165046556
2  18 4 6 0 12.5316165046556
0

0101000
+44 0 -49 0 *
Wi

0101100
+43 0 -48 0 -42 3 +42 5 *
Fa
0  1e-07 5 0

0111000
+41 0 *
Ve
1.00000003552714e-07
20.0316165046556 -19.4004120355218 0
0 0

0101101
*
Ed
 1.00000003552714e-07 1 1 0
1  8 0 0 2
2  19 6 0 0 2
4 G1 6 0 8 0
2  20 8 0 0 2
0

0101000
+39 3 -39 5 *
Ed
 1e-07 1 1 0
1  9 0 4.71238898038469 6.28318530717959
2  21 6 6 4.71238898038469 6.28318530717959
2  22 6 7 4.71238898038469 6.28318530717959
2  23 4 6 4.71238898038469 6.28318530717959
2  24 7 7 4.71238898038469 6.28318530717959
0

0101000
+44 0 -39 0 *
Wi

0101100
+43 0 -38 0 -37 3 +37 5 *
Fa
0  1e-07 6 0

0101000
+36 0 *
Ve
1e-07
20.0316165046556 20.1309151088644 0
0 0

0101101
*
Ed
 1e-07 1 1 0
1  10 0 0 2
2  25 8 0 0 2
2  26 9 0 0 2
0

0101000
+34 3 -34 5 *
Ed
 1e-07 1 1 0
1  11 0 0 39.5313271443862
2  27 8 6 0 39.5313271443862
2  28 8 7 0 39.5313271443862
2  29 4 6 0 39.5313271443862
0

0101000
+34 0 -39 0 *
Wi

0101100
+33 0 -38 0 -32 3 +32 5 *
Fa
0  1e-07 8 0

0101000
+31 0 *
Ve
1e-07
13.0316332029479 20.1462048378572 0
0 0

0101101
*
Ed
 1e-07 1 1 0
1  12 0 0 2
2  30 9 0 0 2
2  31 10 0 0 2
0

0101000
+29 3 -29 5 *
Ed
 1e-07 1 1 0
1  13 0 0 7
2  32 4 6 0 7
2  33 9 6 0 7
2  34 9 7 0 7
0

0101000
+29 0 -34 0 *
Wi

0101100
+28 0 -33 0 -27 3 +27 5 *
Fa
0  1e-07 9 0

0111000
+26 0 *
Ve
1.00000000444089e-07
13.0316332029479 -7.40041203552181 0
0 0

0101101
*
Ed
 1.00000000444089e-07 1 1 0
1  14 0 0 2
2  35 2 0 0 2
4 G1 10 0 2 0
2  36 10 0 0 2
0

0101000
+24 3 -24 5 *
Ed
 1e-07 1 1 0
1  15 0 0 27.546616873379
2  37 4 6 0 27.546616873379
2  38 10 6 0 27.546616873379
2  39 10 7 0 27.546616873379
0

0101000
+29 0 -24 0 *
Wi

0101100
+28 0 -23 0 -22 3 +22 5 *
Fa
0  1e-07 10 0

0111000
+21 0 *
Ed
 1e-07 1 1 0
1  16 0 4.71238898038469 6.28318530717959
2  40 2 6 4.71238898038469 6.28318530717959
2  41 2 7 4.71238898038469 6.28318530717959
2  42 4 6 4.71238898038469 6.28318530717959
0

0101000
+56 0 -24 0 *
Wi

0101100
+55 0 -23 0 -19 3 +19 5 *
Fa
0  1e-07 2 0

0111000
+18 0 *
Ve
1.00000005024296e-07
19.0316165046556 -19.4004120355218 0
0 0

0101101
*
Ed
 1e-07 1 1 0
1  17 0 0 2
3  43 44CN 11 0 0 2
0

0101000
+16 3 -16 5 *
Ed
 1.00000005024296e-07 1 1 0
1  18 0 0 6.28318530717959
2  45 11 6 0 6.28318530717959
2  46 11 7 0 6.28318530717959
2  47 4 6 0 6.28318530717959
2  48 12 7 0 6.28318530717959
0

0101000
+16 0 -16 0 *
Wi

0101100
+15 0 -15 0 -14 3 +14 5 *
Fa
0  1e-07 11 0

0101000
+13 0 *
Ve
1e-07
18.5316248538018 16.6385683225069 0
0 0

0101101
*
Ed
 1e-07 1 1 0
1  19 0 0 2
3  49 50CN 13 0 0 2
0

0101000
+11 3 -11 5 *
Ed
 1e-07 1 1 0
1  20 0 0 6.28318530717959
2  51 13 6 0 6.28318530717959
2  52 13 7 0 6.28318530717959
2  53 4 6 0 6.28318530717959
0

0101000
+11 0 -11 0 *
Wi

0101100
+10 0 -10 0 -9 3 +9 5 *
Fa
0  1e-07 13 0

0111000
+8 0 *
Wi

0101100
+52 0 +47 0 -42 0 +37 0 -32 0 -27 0 +22 0 -19 0 *
Wi

0101100
+14 0 *
Wi

0101100
+9 0 *
Fa
0  1e-07 4 0

0101000
+6 3 -5 3 -4 3 *
Sh

0101100
+50 0 +45 0 -40 0 +35 0 -30 0 -25 0 +20 0 -17 0 -12 0 -7 0 
+3 0 -3 4 *
So

1100000
+2 0 *

+1 0 ]]>
      </Part>
      <ElementMap new="1" count="1"><Element key="Dummy" value="Dummy"/></ElementMap>
      <ElementMap2 count="70">
<![CDATA[
120 PostfixCount 13
Edge
Face
Vertex
;:G;XTR;:H57e:7,F
;FAC;:H57e:4,F
;:G;XTR;:H57e:7,E
;:G0;XTR;:H57e:8,F
;:U;XTR;:H57e:7,E
;:U;XTR;:H57e:7,V
;SKT;:H,E;:H57e:5,E
;SKT;:H,V;:H57e:5,V
;SKT;:H57e,E
;SKT;:H57e,V

MapCount 1

ElementMap 1 120 3

Edge

ChildCount 0

NameCount 31
0
$#190de.6 0
$#190df.6 0
;g7.a 0
$#190f4.8 0
$#190e0.6 0
;g14.a 0
$#190f5.8 0
$#190e1.6 0
;g6.a 0
$#190f6.8 0
$#190e2.6 0
;g3.a 0
$#190f7.8 0
$#190e3.6 0
;g4.a 0
$#190f8.8 0
$#190e4.6 0
;g9.a 0
$#190f9.8 0
$#190e5.6 0
;g5.a 0
$#190fa.8 0
;g12.a 0
$#190fb.8 0
$#190e7.6 0
;g15.c 0
$#190fc.8 0
$#1987f.6 0
;g17.c 0
$#19881.8 0

Face

ChildCount 0

NameCount 13
0
$#190e8.4 0
$#190e9.4 0
$#190ea.4 0
$#190dc.4 0
$#190eb.4 0
$#190ec.4 0
$#190ed.4 0
$#190ee.4 0
$#190f0.4 0
$#19880.4 0
$#190dc.5 0
$#190f2.7 0

Vertex

ChildCount 0

NameCount 21
0
;g12v1.b ;g7v1.b 0
$#190fe.9 0
;g7v2.b ;g14v1.b 0
$#190ff.9 0
;g6v2.b ;g14v2.b 0
$#19100.9 0
;g3v1.b ;g6v1.b 0
$#19101.9 0
;g3v2.b ;g4v2.b 0
$#19102.9 0
;g4v1.b ;g9v2.b 0
$#19103.9 0
;g9v1.b ;g5v1.b 0
$#19104.9 0
;g5v2.b ;g12v2.b 0
$#19105.9 0
;g15v1.d 0
$#19106.9 0
;g17v1.d 0
$#19882.9 0

EndMap
]]>
      </ElementMap2>
    </Property>
    <Property name="AddSubType" type="App::PropertyEnumeration">
      <Integer value="0"/>
    </Property>
    <Property name="AllowMultiFace" type="App::PropertyBool">
      <Bool value="true"/>
    </Property>
    <Property name="AlongSketchNormal" type="App::PropertyBool" status="4">
      <Bool value="false"/>
    </Property>
    <Property name="AutoTaperInnerAngle" type="App::PropertyBool">
      <Bool value="true"/>
    </Property>
    <Property name="BaseFeature" type="App::PropertyLink" status="8">
      <Link value="Pocket029"/>
    </Property>
    <Property name="CheckUpToFaceLimits" type="App::PropertyBool">
      <Bool value="true"/>
    </Property>
    <Property name="ClaimChildren" type="App::PropertyBool" status="134217728">
      <Bool value="false"/>
    </Property>
    <Property name="ColoredElements" type="App::PropertyLinkSubHidden" status="218103808">
      <LinkSub value="" count="0">
      </LinkSub>
    </Property>
    <Property name="Direction" type="App::PropertyVector" status="4">
      <PropertyVector valueX="0" valueY="0" valueZ="1"/>
    </Property>
    <Property name="ExpressionEngine" type="App::PropertyExpressionEngine" status="67108864">
      <ExpressionEngine count="0"></ExpressionEngine>
    </Property>
    <Property name="Fit" type="App::PropertyDistance">
      <Float value="0"/>
    </Property>
    <Property name="FitJoin" type="App::PropertyEnumeration">
      <Integer value="0"/>
    </Property>
    <Property name="InnerFit" type="App::PropertyDistance">
      <Float value="0"/>
    </Property>
    <Property name="InnerFitJoin" type="App::PropertyEnumeration">
      <Integer value="0"/>
    </Property>
    <Property name="Label" type="App::PropertyString" status="134217728">
      <String value="Pad025"/>
    </Property>
    <Property name="Label2" type="App::PropertyString" status="128">
      <String value=""/>
    </Property>
    <Property name="Length" type="App::PropertyLength">
      <Float value="2"/>
    </Property>
    <Property name="Length2" type="App::PropertyLength">
      <Float value="100"/>
    </Property>
    <Property name="Linearize" type="App::PropertyBool">
      <Bool value="true"/>
    </Property>
    <Property name="Midplane" type="App::PropertyBool" status="4">
      <Bool value="false"/>
    </Property>
    <Property name="NewSolid" type="App::PropertyBool">
      <Bool value="false"/>
    </Property>
    <Property name="Offset" type="App::PropertyLength">
      <Float value="0"/>
    </Property>
    <Property name="Placement" type="App::PropertyPlacement" status="8388620">
      <PropertyPlacement Px="0" Py="0" Pz="0" Q0="0" Q1="0" Q2="0" Q3="1" A="0" Ox="0" Oy="0" Oz="1"/>
    </Property>
    <Property name="Profile" type="App::PropertyLinkSub">
      <LinkSub value="Sketch085" count="1">
        <Sub value=""/>
      </LinkSub>
    </Property>
    <Property name="ReferenceAxis" type="App::PropertyLinkSub">
      <LinkSub value="" count="0">
      </LinkSub>
    </Property>
    <Property name="Refine" type="App::PropertyBool">
      <Bool value="false"/>
    </Property>
    <Property name="Reversed" type="App::PropertyBool">
      <Bool value="true"/>
    </Property>
    <Property name="Shape" type="Part::PropertyPartShape">
      <Part HasherIndex="0" ElementMap="1.15.70200.4" brep="1">
<![CDATA[

CASCADE Topology V1, (c) Matra-Datavision
Locations 172
1
              1               0               0               0 
              0               1               0               0 
              0               0               1               0 
1
              1               0 1.85186037693839e-30 -1.66667433924456e-29 
              0              -1               0               0 
1.85186037693839e-30               0              -1 9.00000000000003 
2  1 1 2 1 0
2  2 -1 1 -1 0
1
              1               0               0 9.25930188469197e-30 
              0               1               0               0 
              0               0               1              -5 
2  5 -1 2 -1 1 -1 0
1
              1               0               0               0 
              0               1               0               0 
              0               0               1               0 
1
              1               0               0               0 
              0               1               0               0 
              0               0               1 9.00000000000003 
2  7 1 8 1 2 -1 1 -1 0
2  7 1 8 1 0
1
              1               0               0              -0 
              0               1               0              -0 
              0               0               1              -2 
2  7 1 8 1 11 1 0
2  8 -1 7 -1 0
2  11 -1 8 -1 7 -1 0
2  1 1 2 1 5 1 0
1
              1               0               0               0 
              0               1               0               0 
              0               0               1               0 
1
-0.25173217566787 -0.708059928552581 -0.659759084296407 10.2759870777362 
-0.967796937241238 0.1841723810636 0.171608922611395 -8.56260125714451 
8.23729123034311e-17 0.681712308552132 -0.73162034441951 -13.899215576934 
1
              1               0               0 -1.64939771074102 
              0               1               0 0.429022306528486 
              0               0               1 -1.82905086104878 
2  16 1 17 1 18 1 0
1
-0.25173217566787 -0.708059928552581 -0.659759084296407 10.2759870777362 
-0.967796937241238 0.1841723810636 0.171608922611395 -8.56260125714451 
8.23729123034311e-17 0.681712308552132 -0.73162034441951 -13.899215576934 
1
              1               0               0               0 
              0               1               0               0 
              0               0               1               0 
2  20 -1 21 -1 0
1
              1               0               0 -1.64939771074102 
              0               1               0 0.429022306528486 
              0               0               1 -1.82905086104878 
2  23 -1 20 -1 21 -1 0
1
-0.25173217566787 -0.708059928552581 -0.659759084296407 10.2759870777362 
-0.967796937241238 0.1841723810636 0.171608922611395 -8.56260125714451 
8.23729123034311e-17 0.681712308552132 -0.73162034441951 -13.899215576934 
1
              1               0               0               0 
              0               1               0               0 
              0               0               1               0 
2  25 -1 26 -1 0
1
              1               0               0 -1.64939771074102 
              0               1               0 0.429022306528486 
              0               0               1 -1.82905086104878 
2  28 -1 25 -1 26 -1 0
1
-0.25173217566787 -0.708059928552581 -0.659759084296407 10.2759870777362 
-0.967796937241238 0.1841723810636 0.171608922611395 -8.56260125714451 
8.23729123034311e-17 0.681712308552132 -0.73162034441951 -13.899215576934 
1
              1               0               0               0 
              0               1               0               0 
              0               0               1               0 
2  30 -1 31 -1 0
1
              1               0               0 -1.64939771074102 
              0               1               0 0.429022306528486 
              0               0               1 -1.82905086104878 
2  33 -1 30 -1 31 -1 0
2  17 -1 16 -1 0
2  18 -1 17 -1 16 -1 0
1
0.984811468470533 0.173505163419616 0.00650613830505035 -2.56683530420605 
-0.173486710578872 0.98483066454167 -0.00330506141163081 3.48543139910986 
-0.00698088973089962 0.00212613384905905 0.999973373012212 0.0952965465068609 
2  37 -1 0
1
0.939707369726888 0.341756913087319 0.0123398394641172 -4.48932379246122 
-0.341683662404569 0.93978357074853 -0.00768862776728269 7.36298797269549 
-0.0142244200856757 0.00300873863441832 0.999894301096399 0.215919843446004 
2  39 -1 0
1
0.866058168985615 0.499643004728952 0.0173238494194778 -5.70905162487602 
-0.499480276207637 0.866227451770552 -0.0130175066214308 11.5148521264069 
-0.0215105000599017 0.00262099685629426 0.99976518681271 0.358204812978268 
2  41 -1 0
1
0.766101659942944 0.642366149344199 0.021306731550669 -6.18895798847458 
-0.642081981726605 0.766397273061692 -0.0191297826866347 15.814871568878 
-0.0286177458004951 0.00097468985240836 0.999589953233319 0.517828198304084 
2  43 -1 0
1
0.642874970545702 0.765589776405323 0.0241674679995702 -5.9144611712433 
-0.765155898299226 0.643326324085511 -0.0258397375476141 20.1323923852644 
-0.0353302072420678 -0.00188016017199785 0.999373924741866 0.689939923633655 
2  45 -1 0
1
0.500122281395512 0.865569798358235 0.0258191367367841 -4.89390162007166 
-0.864962487248847 0.500754053349743 -0.032943492621319 24.3362288903309 
-0.0414439296403871 -0.0058568100435566 0.999123665254745 0.86931046128558 
2  47 -1 0
1
0.342181060715853 0.939268372828229 0.0262115526435152 -3.15828852049394 
-0.938469175874805 0.343012447155646 -0.0402252039045086 28.2986496391152 
-0.0467731506340727 -0.0108344312682025 0.998846778779837 1.05048972823918 
2  49 -1 0
1
0.342181060715853 -0.938469175874805 -0.0467731506340727 27.6872516354781 
0.939268372828229 0.343012447155646 -0.0108344312682025 -6.72892708558815 
0.0262115526435152 -0.0402252039045086 0.998846778779837 0.171824316580985 
2  51 -1 0
1
0.984811468470533 0.173505163419615 0.00650613830505031 -2.56683530420604 
-0.173486710578871 0.984830664541671 -0.00330506141163079 3.48543139910984 
-0.00698088973089958 0.00212613384905904 0.999973373012212 0.0952965465068605 
2  53 -1 0
1
              1 9.99123638187271e-13 3.88343633651513e-14 -1.64135371960583e-11 
-9.99123638187271e-13               1 -1.56385090694936e-14 1.86375359589874e-11 
-3.88343633651513e-14 1.56385090694936e-14               1 4.67625937972116e-13 
2  55 -1 0
1
0.984811468470533 0.173505163419615 0.00650613830505031 -2.56683530420604 
-0.173486710578871 0.984830664541671 -0.00330506141163079 3.48543139910984 
-0.00698088973089958 0.00212613384905904 0.999973373012212 0.0952965465068605 
2  57 -1 0
1
0.939707369726888 0.341756913087319 0.0123398394641172 -4.48932379246122 
-0.341683662404569 0.93978357074853 -0.00768862776728269 7.36298797269549 
-0.0142244200856757 0.00300873863441832 0.999894301096399 0.215919843446004 
2  59 -1 0
1
0.866058168985615 0.499643004728951 0.0173238494194778 -5.70905162487602 
-0.499480276207636 0.866227451770552 -0.0130175066214308 11.5148521264068 
-0.0215105000599017 0.00262099685629427 0.99976518681271 0.358204812978268 
2  61 -1 0
1
0.906330700665749 0.422304644575881 0.0149481838485736 -5.18986602247488 
-0.422190843932289 0.90644908489071 -0.010244403376302 9.41236473603277 
-0.0178760266970388 0.0029738309356621 0.999835788516841 0.284610847500741 
2  63 -1 0
1
0.920524295007353 0.390436845345899 0.0139316939945776 -4.93114388829454 
-0.390340288774618 0.920624740615525 -0.00919488585816892 8.58535697689232 
-0.016415884397872 0.003026014365301 0.999860671282003 0.256515934809725 
2  65 -1 0
1
0.927201662686546 0.374322390728249 0.0134098661735608 -4.79099275349931 
-0.37423394662012 0.927293669083546 -0.00868357499561174 8.17535674179003 
-0.0156853405584259 0.00303299803221524 0.999872377363483 0.242773548189711 
2  67 -1 0
1
              1               0               0 0.648199335767207 
              0               1               0 0.23376702686899 
              0               0               1 0.724700350669009 
1
              1               0               0 -2.26869767518522 
              0               1               0 -0.818184594041465 
              0               0               1 -2.53645122734153 
2  69 1 70 1 0
1
              1               0               0               0 
              0               1               0               0 
              0               0               1               0 
1
0.751477179086874 3.47354694753797e-17 -0.659759084296408 -2.91603901673135 
0.150663983937292 -0.973576263897338 0.171608922611394 0.758486432191717 
-0.642325784361626 -0.228362121149065 -0.73162034441951 -3.23365531531391 
2  72 1 73 1 0
2  73 -1 72 -1 0
1
              1               0               0 3.29879542148204 
              0               1               0 -0.858044613056972 
              0               0               1 3.65810172209755 
2  76 -1 73 -1 72 -1 0
2  18 1 73 -1 72 -1 0
1
              1               0               0               0 
              0               1               0               0 
              0               0               1               0 
1
0.0131738759233895 -0.743743612412503 -0.668335161418847 10.230831201911 
-0.999913220731257 -0.00979883640459354 -0.00880532861174829 -0.987424766773405 
-5.39125677436017e-17 0.668393164088859 -0.743808159540673 -13.8384077722752 
2  79 1 80 1 0
1
0.0131738759233895 -0.743743612412503 -0.668335161418847 10.230831201911 
-0.999913220731257 -0.00979883640459354 -0.00880532861174829 -0.987424766773405 
-5.39125677436017e-17 0.668393164088859 -0.743808159540673 -13.8384077722752 
1
              1               0               0               0 
              0               1               0               0 
              0               0               1               0 
2  82 -1 83 -1 0
1
              1               0               0 -1.33667032283769 
              0               1               0 -0.0176106572234966 
              0               0               1 -1.48761631908135 
2  85 -1 82 -1 83 -1 0
1
0.0131738759233895 -0.743743612412503 -0.668335161418847 10.230831201911 
-0.999913220731257 -0.00979883640459354 -0.00880532861174829 -0.987424766773405 
-5.39125677436017e-17 0.668393164088859 -0.743808159540673 -13.8384077722752 
1
              1               0               0               0 
              0               1               0               0 
              0               0               1               0 
2  87 -1 88 -1 0
1
              1               0               0 -1.33667032283769 
              0               1               0 -0.0176106572234966 
              0               0               1 -1.48761631908135 
2  90 -1 87 -1 88 -1 0
1
0.0131738759233895 -0.743743612412503 -0.668335161418847 10.230831201911 
-0.999913220731257 -0.00979883640459354 -0.00880532861174829 -0.987424766773405 
-5.39125677436017e-17 0.668393164088859 -0.743808159540673 -13.8384077722752 
1
              1               0               0               0 
              0               1               0               0 
              0               0               1               0 
2  92 -1 93 -1 0
1
              1               0               0 -1.33667032283769 
              0               1               0 -0.0176106572234966 
              0               0               1 -1.48761631908135 
2  95 -1 92 -1 93 -1 0
2  80 -1 79 -1 0
1
              1               0               0 -1.33667032283769 
              0               1               0 -0.0176106572234966 
              0               0               1 -1.48761631908135 
2  98 -1 80 -1 79 -1 0
2  79 1 80 1 98 1 0
1
              1               0               0               0 
              0               1               0               0 
              0               0               1               0 
1
0.339252923161978 -0.681722139318509 -0.648199335767207 10.7537362816713 
-0.940695197248319 -0.245856712380972 -0.23376702686899 6.60151748272602 
-3.33867530336785e-17 0.689064149219951 -0.724700350669009 -13.1452975768888 
2  101 1 102 1 69 1 70 1 0
1
              1               0               0 -0.648199335767207 
              0               1               0 -0.23376702686899 
              0               0               1 -0.724700350669009 
1
0.339252923161978 -0.681722139318509 -0.648199335767207 10.7537362816713 
-0.940695197248319 -0.245856712380972 -0.23376702686899 6.60151748272602 
-3.33867530336785e-17 0.689064149219951 -0.724700350669009 -13.1452975768888 
1
              1               0               0               0 
              0               1               0               0 
              0               0               1               0 
2  104 -1 105 -1 106 -1 0
1
              1               0               0 -1.29639867153441 
              0               1               0 -0.46753405373798 
              0               0               1 -1.44940070133802 
2  108 -1 104 -1 105 -1 106 -1 0
2  105 -1 106 -1 0
1
              1               0               0 -0.648199335767207 
              0               1               0 -0.23376702686899 
              0               0               1 -0.724700350669009 
1
0.339252923161978 -0.681722139318509 -0.648199335767207 10.7537362816713 
-0.940695197248319 -0.245856712380972 -0.23376702686899 6.60151748272602 
-3.33867530336785e-17 0.689064149219951 -0.724700350669009 -13.1452975768888 
1
              1               0               0               0 
              0               1               0               0 
              0               0               1               0 
2  111 -1 112 -1 113 -1 0
1
              1               0               0 -0.648199335767207 
              0               1               0 -0.23376702686899 
              0               0               1 -0.724700350669009 
2  115 -1 111 -1 112 -1 113 -1 0
1
              1               0               0 -0.648199335767207 
              0               1               0 -0.23376702686899 
              0               0               1 -0.724700350669009 
1
0.339252923161978 -0.681722139318509 -0.648199335767207 10.7537362816713 
-0.940695197248319 -0.245856712380972 -0.23376702686899 6.60151748272602 
-3.33867530336785e-17 0.689064149219951 -0.724700350669009 -13.1452975768888 
1
              1               0               0               0 
              0               1               0               0 
              0               0               1               0 
2  117 -1 118 -1 119 -1 0
1
              1               0               0 -0.648199335767207 
              0               1               0 -0.23376702686899 
              0               0               1 -0.724700350669009 
2  121 -1 117 -1 118 -1 119 -1 0
2  118 -1 119 -1 0
1
              1               0               0 -0.648199335767207 
              0               1               0 -0.23376702686899 
              0               0               1 -0.724700350669009 
1
0.339252923161978 -0.681722139318509 -0.648199335767207 10.7537362816713 
-0.940695197248319 -0.245856712380972 -0.23376702686899 6.60151748272602 
-3.33867530336785e-17 0.689064149219951 -0.724700350669009 -13.1452975768888 
1
              1               0               0               0 
              0               1               0               0 
              0               0               1               0 
2  124 -1 125 -1 126 -1 0
1
              1               0               0 -0.972299003650811 
              0               1               0 -0.350650540303485 
              0               0               1 -1.08705052600351 
2  128 -1 124 -1 125 -1 126 -1 0
2  125 -1 126 -1 0
1
              1               0               0 0.648199335767207 
              0               1               0 0.23376702686899 
              0               0               1 0.724700350669009 
1
0.339252923161978 -0.681722139318509 -0.648199335767207 10.7537362816713 
-0.940695197248319 -0.245856712380972 -0.23376702686899 6.60151748272602 
-3.33867530336785e-17 0.689064149219951 -0.724700350669009 -13.1452975768888 
1
              1               0               0               0 
              0               1               0               0 
              0               0               1               0 
2  131 -1 132 -1 133 -1 0
1
              1               0               0 -2.26869767518522 
              0               1               0 -0.818184594041465 
              0               0               1 -2.53645122734153 
2  135 -1 131 -1 132 -1 133 -1 0
2  69 -1 102 -1 101 -1 0
2  70 -1 69 -1 102 -1 101 -1 0
2  102 -1 101 -1 0
1
              1               0               0               0 
              0               1               0               0 
              0               0               1               0 
1
0.761470696160366 -2.11350574863646e-17 -0.648199335767207 -2.2768779080631 
-0.198993385175314 -0.95171141098828 -0.23376702686899 -0.821134718506949 
-0.616898704444674 0.306994120781975 -0.724700350669009 -2.54559689798332 
2  140 1 141 1 0
2  141 -1 140 -1 0
1
              1               0               0 3.24099667883603 
              0               1               0 1.16883513434495 
              0               0               1 3.62350175334505 
2  144 -1 141 -1 140 -1 0
2  69 1 70 1 141 -1 140 -1 0
2  16 1 17 1 0
1
              1               0               0               0 
              0               1               0               0 
              0               0               1               0 
1
-0.999999143982246 -1.62630093848748e-19 0.00130844746782107 0.024702367439418 
0.00130783614825284 -0.0305647092278845 0.999531934514563 18.8703067727496 
3.99923163939127e-05 0.999532790132377 0.0305646830639507 0.577035036012856 
1
              1               0               0 0.00130844746782107 
              0               1               0 0.999531934514563 
              0               0               1 0.0305646830639505 
2  148 1 149 1 150 1 0
1
-0.999999143982246 -1.62630093848748e-19 0.00130844746782107 0.024702367439418 
0.00130783614825284 -0.0305647092278845 0.999531934514563 18.8703067727496 
3.99923163939127e-05 0.999532790132377 0.0305646830639507 0.577035036012856 
1
              1               0               0               0 
              0               1               0               0 
              0               0               1               0 
2  152 -1 153 -1 0
1
              1               0               0 0.0130844746782107 
              0               1               0 9.99531934514563 
              0               0               1 0.305646830639505 
2  155 -1 152 -1 153 -1 0
2  149 -1 148 -1 0
2  150 -1 149 -1 148 -1 0
1
-0.999999143982246 -1.62630093848748e-19 0.00130844746782107 0.024702367439418 
0.00130783614825284 -0.0305647092278845 0.999531934514563 18.8703067727496 
3.99923163939127e-05 0.999532790132377 0.0305646830639507 0.577035036012856 
1
              1               0               0               0 
              0               1               0               0 
              0               0               1               0 
2  159 -1 160 -1 0
1
              1               0               0 0.00130844746782107 
              0               1               0 0.999531934514563 
              0               0               1 0.0305646830639505 
2  162 -1 159 -1 160 -1 0
1
              1               0               0               0 
              0               1               0               0 
              0               0               1               0 
1
0.743860277210205 4.75983883767677e-18 -0.668335161418847 -3.6519109692245 
-0.00791131197534803 -0.999929936210967 -0.00880532861174832 -0.0481139972893296 
-0.668288335325094 0.0118373421481411 -0.743808159540673 -4.06430984576457 
2  164 1 165 1 0
2  165 -1 164 -1 0
1
              1               0               0 3.34167580709424 
              0               1               0 0.0440266430587416 
              0               0               1 3.71904079770336 
2  168 -1 165 -1 164 -1 0
2  98 1 165 -1 164 -1 0
2  101 1 102 1 69 1 0
2  148 1 149 1 0
Curve2ds 1019
1 0 0 1 0 
1 0 -5 1 0 
2 0 0 1 0 0 -1 7.5
8 0 1.5707963267948968
1 6.2831853071795862 0 -1 -0 
2 -0.44201469953298478 -12.32316019866462 1 0 0 -1 7.5
1 4.7123889803846897 0 0 -1 
1 0 0 0 -1 
1 1.5707963267948968 3.2895648461888414e-45 0 -1 
1 0 0 1 0 
1 0 -2 1 0 
2 -0.44201469953298478 -12.32316019866462 1 0 -0 1 7.5
1 6.2831853071795862 -2 -1 0 
1 0 0 0 -1 
1 6.2831853071795862 0 0 -1 
8 0 2
1 6.2831853071795862 0 0 -1 
1 39.531327144386182 0 0 -1 
2 -0.44201469953298478 -12.32316019866462 1 0 0 -1 7.5
1 0 0 1 0 
1 0 -5 1 0 
2 0 0 1 0 0 -1 6.5
8 0 6.2831853071795862
1 6.2831853071795862 0 -1 -0 
2 -0.44201469953298478 -12.32316019866462 1 0 0 -1 6.5
1 12.531616504655629 0 0 -1 
1 16 0 0 -1 
1 0 0 1 0 
1 0 -2 1 0 
1 -0.44201469953298655 -19.82316019866462 -1 0 
1 6.2831853071795862 -2 -1 0 
2 -0.44201469953298478 -12.32316019866462 1 0 -0 1 7.5
7 0 0  1 2 2  1 4.7123889803846897  2 4.7123889803846897 
 6.1650575824548293 2 6.2831853071795862 2
1 0 4.7123889803846897 1 0 
7 0 0  10 11 2  -4.906299858830188 5.6732651276688415  -3.6777020450813076 6.7356656728556032  -2.1934609850773992 7.5024319768614482  -0.53360800771398864 7.904355918284363  1.2004200637264884 7.8970067496865788  2.8947028957152252 7.4683977402683581  4.4351416565783079 6.6429594192788279  5.7209863178256857 5.4795545585550851  6.676166008320477 4.0638262936575451  7.2557002818578287 2.4969688926960885  7.4471218502899088 0.88405064011695345 
 0 11 1 11
7 0 0  10 11 2  -4.9062998588301872 5.6732651276688397  -3.6777020450813076 6.7356656728556015  -2.1934609850773992 7.5024319768614482  -0.53360800771398864 7.904355918284363  1.2004200637264901 7.897006749686577  2.894702895715227 7.4683977402683546  4.4351416565783115 6.6429594192788244  5.7209863178256857 5.4795545585550833  6.676166008320477 4.0638262936575433  7.2557002818578287 2.4969688926960849  7.4471218502899088 0.88405064011694634 
 0 11 1 11
7 0 0  1 2 2  3.9994075619500422 -5  6.1650575824548293 -5 
 0 2 1 2
7 0 0  10 11 2  -7.448343597104337 -0.88374717227118182  -7.5346070596935411 -0.15689118378337241  -7.5420515386104778 0.57931900627072608  -7.4695364566567362 1.3152682497536716  -7.317260264956424 2.0411818220482161  -7.0867893332439804 2.7473443207487307  -6.7810397884056304 3.4243225632104188  -6.4042160490359059 4.0631828158851597  -5.9617098037707246 4.6556926883726817  -5.4599631811584137 5.194498025115859  -4.906299858830188 5.6732651276688415 
 4 11 5 11
1 0 4.7123889803846897 1 0 
7 0 0  10 11 2  -7.448343597104337 -0.88374717227118182  -7.5346070596935411 -0.15689118378337241  -7.5420515386104778 0.57931900627072608  -7.4695364566567362 1.3152682497536716  -7.317260264956424 2.0411818220482161  -7.0867893332439804 2.7473443207487307  -6.7810397884056304 3.4243225632104188  -6.4042160490359059 4.0631828158851597  -5.9617098037707246 4.6556926883726817  -5.4599631811584137 5.194498025115859  -4.906299858830188 5.6732651276688415 
 4 11 5 11
7 0 0  1 2 2  3.0234649288650361 -5  3.9994075619500422 -5 
 4 2 5 2
1 0 4.7123889803846897 1 0 
7 0 0  10 11 2  4.9050781120157492 -5.6729616598230663  3.6764802982664211 -6.7353622050100626  2.1922392382643547 -7.5021285090150158  0.53238626089744123 -7.9040524504395222  -1.201641810539364 -7.8967032818402103  -2.8959246425295397 -7.4680942724224622  -4.4363634033943438 -6.6426559514337136  -5.7222080646382389 -5.4792510907086225  -6.6773877551360803 -4.0635228258121714  -7.2569220286718901 -2.4966654248501854  -7.448343597104337 -0.88374717227118182 
 3 11 4 11
7 0 0  10 11 2  4.9050781120157492 -5.6729616598230628  3.6764802982664246 -6.7353622050100661  2.1922392382643565 -7.5021285090150123  0.53238626089744479 -7.9040524504395222  -1.2016418105393676 -7.8967032818402139  -2.8959246425295397 -7.4680942724224657  -4.4363634033943455 -6.6426559514337136  -5.7222080646382389 -5.4792510907086225  -6.6773877551360803 -4.0635228258121678  -7.2569220286718892 -2.4966654248501818  -7.4483435971043361 -0.88374717227117827 
 3 11 4 11
7 0 0  1 2 2  0.85781490836024887 -5  3.0234649288650361 -5 
 3 2 4 2
7 0 0  1 2 2  2 4.7123889803846897  3 4.7123889803846897 
 0 2 0.85781490836024887 2
1 0 0 0 -1 
1 6.9999999999999991 0 0 -1 
1 0 0 1 0 
1 0 -2 1 0 
1 7.0579853004670152 27.208166945721565 0 -1 
1 0 0 1 0 
1 0 -2 1 0 
2 -3.4419980012407336 -0.32316019866462042 1 0 -0 1 3.5
1 0.058001998759266371 27.223456674714388 0 -1 
1 0 0 1 0 
1 0 -2 1 0 
1 0.058001998759266371 27.223456674714388 0.9999976145296785 -0.0021842469989746659 
1 0 0 1 0 
1 0 -2 1 0 
1 -12.973631204188615 -3.8231601986646204 0 -1 
1 0 0 1 0 
1 0 -2 1 0 
1 -3.4419980012407354 -3.8231601986646204 -1 0 
1 0 0 1 0 
1 0 -2 1 0 
1 0 0 1 0 
1 0 -2 1 0 
2 3.5579936496131399 23.715820159364103 1 0 -0 1 2
1 0 0 0 -1 
1 6.2831853071795862 0 0 -1 
8 0 2
1 0 0 0 -1 
8 0 2
1 6.2831853071795862 0 0 -1 
1 0 0 1 0 
1 0 -2 1 0 
2 -0.44201469953298478 -12.32316019866462 1 0 -0 1 6.5
1 6.2831853071795862 -2 -1 0 
1 0 0 0 -1 
1 9.5316332029478801 0 0 -1 
1 1 0 0 1 
8 3.1415926535897931 4.7123889803846897
1 1 0 0 1 
7 0 0  10 11 2  5.019455256810371 -2.8000794115082677  5.0209717305258614 -2.7274451438397733  5.022488204241359 -2.6548108761712808  5.0240046779568495 -2.58217660850279  5.0255211516723506 -2.5095423408342992  5.0270376253878446 -2.4369080731658066  5.0285540991033422 -2.3642738054973158  5.0300705728188255 -2.2916395378288232  5.0315870465343195 -2.2190052701603324  5.0331035202498171 -2.1463710024918399  5.0346199939653147 -2.0737367348233473 
 1 11 2 11
1 0 3.1415926535897931 1 0 
