<?xml version='1.0' encoding='utf-8'?>
<!-- FreeCAD DocumentObject -->
<Document SchemaVersion="4" FileVersion="2">
<Object name="Pocket031">
  <Properties Count="40" TransientCount="2">
    <_Property name="_Body" type="App::PropertyLinkHidden" status="251658240"/>
    <_Property name="_ElementMapVersion" type="App::PropertyString" status="234881024"/>
    <Property name="AddSubShape" type="Part::PropertyPartShape">
      <Part HasherIndex="0" ElementMap="1.15.70200.4" brep="1">
<![CDATA[

CASCADE Topology V1, (c) Matra-Datavision
Locations 7
1
              1               0               0               0 
              0               1               0               0 
              0               0               1               0 
1
              1               0 -6.66133814775094e-16 -5.99520433297586e-15 
1.47793197409258e-46               1 2.21867129593409e-31 1.99680416634069e-30 
6.66133814775094e-16 -2.21867129593409e-31               1 9.00000000000003 
2  1 1 2 1 0
1
              1               0               0 3.33066907387547e-15 
              0               1               0 -1.10933564796705e-30 
              0               0               1              -5 
2  1 1 2 1 4 1 0
2  2 -1 1 -1 0
2  4 -1 2 -1 1 -1 0
Curve2ds 5
1 0 0 0 -1 
1 6.2831853071795862 0 0 -1 
1 0 0 1 0 
1 0 -5 1 0 
2 -1.2653753115884646e-17 1.4776404007695436e-63 1 1.6239005641264133e-46 -1.6239005641264133e-46 1 2
Curves 2
1 1.999999999999994 -22.900412035521811 9.0000000000000302 6.6613381477509363e-16 -2.218671295934094e-31 -1 
2 0 -22.900412035521811 0 0 0 1 1 0 0 0 1 0 2
Polygon3D 0
PolygonOnTriangulations 0
Surfaces 2
2 -5.9952043329758619e-15 -22.900412035521811 9.0000000000000284 -6.6613381477509363e-16 2.218671295934094e-31 1 1 1.4779319740925788e-46 6.6613381477509363e-16 0 1 -2.218671295934094e-31 2
1 -5.9825505798599772e-15 -22.900412035521811 9.0000000000000284 -5.9211894646675012e-16 -1.9721522630525295e-31 1 1 0 5.9211894646675012e-16 -1.1677487202706808e-46 1 1.9721522630525295e-31 
Triangulations 0

TShapes 9
Ve
1.00000001776357e-07
2 -22.9004120355218 0
0 0

0101101
*
Ed
 1e-07 1 1 0
1  1 0 0 5
3  1 2CN 1 0 0 5
0

0101000
+9 3 -9 5 *
Ed
 1e-07 1 1 0
1  2 0 0 6.28318530717959
2  3 1 6 0 6.28318530717959
2  4 1 7 0 6.28318530717959
2  5 2 6 0 6.28318530717959
0

0101000
+9 0 -9 0 *
Wi

0101100
+8 0 -8 0 -7 3 +7 5 *
Fa
0  1e-07 1 0

0101000
+6 0 *
Wi

0101100
+7 0 *
Fa
0  1e-07 2 0

0101000
+4 3 *
Sh

0101100
+5 0 +3 0 -3 4 *
So

1100000
+2 0 *

+1 0 ]]>
      </Part>
      <ElementMap new="1" count="1"><Element key="Dummy" value="Dummy"/></ElementMap>
      <ElementMap2 count="8">
<![CDATA[
132 PostfixCount 11
Edge
Face
Vertex
;:G;XTR;:H586:7,F
;FAC;:H586:4,F
;:G;XTR;:H586:7,E
;:G0;XTR;:H586:8,F
;:U;XTR;:H586:7,E
;:U;XTR;:H586:7,V
;SKT;:H586,E
;SKT;:H586,V

MapCount 1

ElementMap 1 132 3

Edge

ChildCount 0

NameCount 4
0
$#19c07.6 0
;g1.a 0
$#19c0b.8 0

Face

ChildCount 0

NameCount 4
0
$#19c05.4 0
$#19c05.5 0
$#19c09.7 0

Vertex

ChildCount 0

NameCount 3
0
;g1v1.b 0
$#19c0d.9 0

EndMap
]]>
      </ElementMap2>
    </Property>
    <Property name="AddSubType" type="App::PropertyEnumeration">
      <Integer value="1"/>
    </Property>
    <Property name="AllowMultiFace" type="App::PropertyBool">
      <Bool value="true"/>
    </Property>
    <Property name="AutoTaperInnerAngle" type="App::PropertyBool">
      <Bool value="true"/>
    </Property>
    <Property name="BaseFeature" type="App::PropertyLink" status="8">
      <Link value="Mirrored"/>
    </Property>
    <Property name="CheckUpToFaceLimits" type="App::PropertyBool">
      <Bool value="true"/>
    </Property>
    <Property name="ClaimChildren" type="App::PropertyBool" status="134217728">
      <Bool value="false"/>
    </Property>
    <Property name="ColoredElements" type="App::PropertyLinkSubHidden" status="218103808">
      <LinkSub value="" count="0">
      </LinkSub>
    </Property>
    <Property name="ExpressionEngine" type="App::PropertyExpressionEngine" status="67108864">
      <ExpressionEngine count="0"></ExpressionEngine>
    </Property>
    <Property name="Fit" type="App::PropertyDistance">
      <Float value="0"/>
    </Property>
    <Property name="FitJoin" type="App::PropertyEnumeration">
      <Integer value="0"/>
    </Property>
    <Property name="InnerFit" type="App::PropertyDistance">
      <Float value="0"/>
    </Property>
    <Property name="InnerFitJoin" type="App::PropertyEnumeration">
      <Integer value="0"/>
    </Property>
    <Property name="Label" type="App::PropertyString" status="134217728">
      <String value="Pocket031"/>
    </Property>
    <Property name="Label2" type="App::PropertyString" status="128">
      <String value=""/>
    </Property>
    <Property name="Length" type="App::PropertyLength">
      <Float value="5"/>
    </Property>
    <Property name="Length2" type="App::PropertyLength">
      <Float value="100"/>
    </Property>
    <Property name="Linearize" type="App::PropertyBool">
      <Bool value="true"/>
    </Property>
    <Property name="Midplane" type="App::PropertyBool">
      <Bool value="false"/>
    </Property>
    <Property name="NewSolid" type="App::PropertyBool">
      <Bool value="false"/>
    </Property>
    <Property name="Offset" type="App::PropertyLength">
      <Float value="0"/>
    </Property>
    <Property name="Placement" type="App::PropertyPlacement" status="8388620">
      <PropertyPlacement Px="0" Py="0" Pz="0" Q0="0" Q1="0" Q2="0" Q3="1" A="0" Ox="0" Oy="0" Oz="1"/>
    </Property>
    <Property name="Profile" type="App::PropertyLinkSub">
      <LinkSub value="Sketch088" count="1">
        <Sub value=""/>
      </LinkSub>
    </Property>
    <Property name="Refine" type="App::PropertyBool">
      <Bool value="false"/>
    </Property>
    <Property name="Reversed" type="App::PropertyBool">
      <Bool value="false"/>
    </Property>
    <Property name="Shape" type="Part::PropertyPartShape">
      <Part HasherIndex="0" ElementMap="1.15.70200.4" brep="1">
<![CDATA[

CASCADE Topology V1, (c) Matra-Datavision
Locations 353
1
              1               0               0               0 
              0               1               0               0 
              0               0               1               0 
1
              1               0               0               0 
              0               1               0               0 
              0               0               1               0 
1
              1               0               0               0 
              0               1               0               0 
              0               0               1               0 
2  2 1 3 1 0
1
              1               0               0               0 
              0               1               0               0 
              0               0               1               0 
1
              1               0 1.85186037693839e-30 -1.66667433924456e-29 
              0              -1               0               0 
1.85186037693839e-30               0              -1 9.00000000000003 
2  5 1 6 1 2 1 3 1 0
2  6 -1 5 -1 0
1
              1               0               0               0 
              0               1               0               0 
              0               0               1               0 
1
              1               0               0               0 
              0               1               0               0 
              0               0               1               0 
2  9 1 10 1 3 -1 2 -1 6 -1 5 -1 0
2  3 -1 2 -1 6 -1 5 -1 0
2  10 1 3 -1 2 -1 6 -1 5 -1 0
2  9 1 10 1 0
2  2 1 3 1 10 -1 9 -1 0
2  9 -1 0
1
              1               0               0               0 
              0               1               0               0 
              0               0               1               0 
1
              1               0               0               0 
              0               1               0               0 
              0               0               1 9.00000000000003 
1
              1               0               0              -0 
              0               1               0              -0 
              0               0               1              -2 
2  17 1 18 1 19 1 9 1 10 1 0
2  19 -1 18 -1 17 -1 0
2  18 -1 17 -1 0
2  2 1 3 1 10 -1 9 -1 19 -1 18 -1 17 -1 0
2  9 -1 19 -1 18 -1 17 -1 0
2  9 1 10 1 3 -1 2 -1 0
2  3 -1 2 -1 0
2  10 1 3 -1 2 -1 0
1
              1               0               0               0 
              0               1               0               0 
              0               0               1               0 
2  28 -1 0
2  17 1 18 1 9 1 10 1 0
2  9 -1 18 -1 17 -1 0
2  10 -1 9 -1 18 -1 17 -1 0
2  10 -1 9 -1 19 -1 18 -1 17 -1 0
2  19 1 9 1 10 1 0
1
              1               0               0 9.25930188469197e-30 
              0               1               0               0 
              0               0               1              -5 
2  5 1 6 1 35 1 2 1 3 1 0
2  35 -1 6 -1 5 -1 0
1
              1               0               0               0 
              0               1               0               0 
              0               0               1               0 
1
              1               0               0               0 
              0               1               0               0 
              0               0               1               0 
2  38 1 39 1 3 -1 2 -1 35 -1 6 -1 5 -1 0
2  39 1 3 -1 2 -1 35 -1 6 -1 5 -1 0
2  3 -1 2 -1 35 -1 6 -1 5 -1 0
2  38 1 39 1 0
2  2 1 3 1 39 -1 38 -1 0
2  38 -1 0
2  10 -1 9 -1 0
1
              1               0               0               0 
              0               1               0               0 
              0               0               1               0 
1
              1               0               0               0 
              0               1               0               0 
              0               0               1               0 
2  47 1 48 1 10 -1 9 -1 19 -1 18 -1 17 -1 0
2  48 1 10 -1 9 -1 19 -1 18 -1 17 -1 0
2  9 1 10 1 1 1 0
2  17 1 18 1 9 1 10 1 1 1 0
2  5 1 6 1 2 1 3 1 1 1 0
2  17 1 18 1 28 1 1 1 0
2  9 1 10 1 28 -1 18 -1 17 -1 0
2  1 -1 28 -1 18 -1 17 -1 0
2  28 -1 18 -1 17 -1 0
1
              1               0               0               0 
              0               1               0               0 
              0               0               1               0 
1
              1               0 -6.66133814775094e-16 -5.99520433297586e-15 
1.47793197409258e-46               1 2.21867129593409e-31 1.99680416634069e-30 
6.66133814775094e-16 -2.21867129593409e-31               1 9.00000000000003 
2  58 1 59 1 0
2  59 -1 58 -1 0
1
              1               0               0 3.33066907387547e-15 
              0               1               0 -1.10933564796705e-30 
              0               0               1              -5 
2  62 -1 59 -1 58 -1 0
2  9 1 10 1 1 1 59 -1 58 -1 0
2  17 1 18 1 0
2  17 1 18 1 19 1 0
2  17 1 18 1 28 1 0
2  17 1 18 1 19 1 28 1 0
2  28 -1 19 -1 18 -1 17 -1 0
2  19 1 9 1 10 1 1 1 0
2  17 1 18 1 19 1 9 1 10 1 1 1 0
1
              1               0               0               0 
              0               1               0               0 
              0               0               1               0 
1
              1               0               0               0 
              0              -1               0               0 
              0               0              -1 7.00000000000003 
2  72 1 73 1 47 1 48 1 1 1 0
2  73 -1 72 -1 0
2  19 1 9 1 10 1 48 -1 47 -1 73 -1 72 -1 0
2  48 -1 47 -1 73 -1 72 -1 0
2  47 -1 73 -1 72 -1 0
2  17 1 18 1 19 1 28 1 1 1 0
2  19 1 9 1 10 1 28 -1 19 -1 18 -1 17 -1 0
2  1 -1 28 -1 19 -1 18 -1 17 -1 0
1
              1               0               0               0 
              0               1               0               0 
              0               0               1               0 
1
              1               0               0               0 
              0               1               0               0 
              0               0               1               0 
2  82 1 83 1 39 -1 38 -1 0
2  39 -1 38 -1 0
2  82 1 83 1 0
2  38 1 39 1 83 -1 82 -1 0
2  83 -1 82 -1 0
1
              1               0               0               0 
              0               1               0               0 
              0               0               1               0 
1
              1               0               0               0 
              0               1               0               0 
              0               0               1               0 
2  89 1 90 1 0
2  82 -1 0
2  39 1 83 -1 82 -1 0
2  47 1 48 1 0
2  48 -1 47 -1 0
1
              1               0               0               0 
              0               1               0               0 
              0               0               1               0 
1
              1               0               0               0 
              0               1               0               0 
              0               0               1               0 
2  96 1 97 1 0
1
              1               0               0               0 
              0               1               0               0 
              0               0               1             -25 
2  72 1 73 1 99 1 47 1 48 1 0
2  99 -1 73 -1 72 -1 0
2  47 -1 99 -1 73 -1 72 -1 0
2  48 -1 47 -1 99 -1 73 -1 72 -1 0
2  47 -1 0
2  28 1 1 1 0
2  5 1 6 1 28 1 1 1 0
2  17 1 18 1 6 -1 5 -1 0
2  28 1 1 1 59 -1 58 -1 0
2  19 1 28 1 1 1 0
2  5 1 6 1 0
2  72 1 73 1 28 1 1 1 0
2  19 1 73 -1 72 -1 0
2  72 1 73 1 19 -1 18 -1 17 -1 0
2  72 1 73 1 47 1 48 1 0
1
              1               0               0               0 
              0               1               0               0 
              0               0               1               0 
1
              1               0               0               0 
              0               1               0               0 
              0               0               1               0 
2  115 1 116 1 0
1
              1               0               0               0 
              0               1               0               0 
              0               0               1               0 
1
              1               0               0               0 
              0               1               0               0 
              0               0               1               0 
2  118 1 119 1 0
2  115 1 116 1 83 -1 82 -1 0
2  90 -1 89 -1 0
2  89 -1 0
1
              1               0               0               0 
              0               1               0               0 
              0               0               1               0 
1
-0.25173217566787 -0.708059928552581 -0.659759084296407 10.2759870777362 
-0.967796937241238 0.1841723810636 0.171608922611395 -8.56260125714451 
8.23729123034311e-17 0.681712308552132 -0.73162034441951 -13.899215576934 
1
              1               0               0 -1.64939771074102 
              0               1               0 0.429022306528486 
              0               0               1 -1.82905086104878 
2  124 1 125 1 126 1 89 1 90 1 0
2  126 -1 125 -1 124 -1 0
2  125 -1 124 -1 0
2  89 -1 126 -1 125 -1 124 -1 0
1
              1               0               0               0 
              0               1               0               0 
              0               0               1               0 
1
              1               0               0               0 
              0               1               0               0 
              0               0               1               0 
2  131 1 132 1 0
1
              1               0               0               0 
              0               1               0               0 
              0               0               1               0 
1
              1               0               0               0 
              0               1               0               0 
              0               0               1               0 
2  134 1 135 1 0
1
              1               0               0 0.648199335767207 
              0               1               0 0.23376702686899 
              0               0               1 0.724700350669009 
1
              1               0               0 -2.26869767518522 
              0               1               0 -0.818184594041465 
              0               0               1 -2.53645122734153 
2  137 1 138 1 134 1 135 1 0
2  97 -1 96 -1 0
1
              1               0               0 0.00130844746782107 
              0               1               0 0.999531934514563 
              0               0               1 0.0305646830639505 
2  141 1 118 1 119 1 0
1
              1               0               0               0 
              0               1               0               0 
              0               0               1               0 
1
-0.00218245925491867 -0.0286089765886868 -0.999588296915359 7.88088183362945 
-0.999997616482116 1.32110335912467e-16 0.00218335294613078 -0.0172138335579341 
-6.24634933205637e-05 0.999590679457621 -0.0286089083986794 0.225556288698939 
2  143 1 144 1 96 1 97 1 0
2  144 -1 143 -1 0
2  118 1 119 1 97 -1 96 -1 144 -1 143 -1 0
2  97 -1 96 -1 144 -1 143 -1 0
2  99 1 47 1 48 1 0
1
              1               0               0               0 
              0               1               0               0 
              0               0               1               0 
1
              1               0               0               0 
              0               1               0               0 
              0               0               1               0 
2  150 1 151 1 0
2  5 1 6 1 35 1 0
2  72 1 73 1 0
2  72 1 73 1 99 1 0
2  118 1 119 1 116 -1 115 -1 0
2  116 -1 115 -1 0
1
              1               0               0               0 
              0               1               0               0 
              0               0               1               0 
1
-0.999999143982246 -1.62630093848748e-19 0.00130844746782107 0.024702367439418 
0.00130783614825284 -0.0305647092278845 0.999531934514563 18.8703067727496 
3.99923163939127e-05 0.999532790132377 0.0305646830639507 0.577035036012856 
2  158 1 159 1 141 1 118 1 119 1 0
2  141 -1 159 -1 158 -1 0
2  159 -1 158 -1 0
2  119 -1 118 -1 141 -1 159 -1 158 -1 0
2  119 -1 118 -1 0
2  126 1 89 1 90 1 0
1
              1               0               0               0 
              0               1               0               0 
              0               0               1               0 
1
0.751477179086874 3.47354694753797e-17 -0.659759084296408 -2.91603901673135 
0.150663983937292 -0.973576263897338 0.171608922611394 0.758486432191717 
-0.642325784361626 -0.228362121149065 -0.73162034441951 -3.23365531531391 
2  166 1 167 1 150 1 151 1 0
2  167 -1 166 -1 0
2  126 1 89 1 90 1 151 -1 150 -1 167 -1 166 -1 0
2  150 -1 167 -1 166 -1 0
1
              1               0               0               0 
              0               1               0               0 
              0               0               1               0 
1
0.0131738759233895 -0.743743612412503 -0.668335161418847 10.230831201911 
-0.999913220731257 -0.00979883640459354 -0.00880532861174829 -0.987424766773405 
-5.39125677436017e-17 0.668393164088859 -0.743808159540673 -13.8384077722752 
2  172 1 173 1 131 1 132 1 0
2  173 -1 172 -1 0
2  132 -1 131 -1 173 -1 172 -1 0
2  131 -1 173 -1 172 -1 0
2  131 -1 0
1
              1               0               0 -1.33667032283769 
              0               1               0 -0.0176106572234966 
              0               0               1 -1.48761631908135 
2  172 1 173 1 179 1 131 1 132 1 0
2  179 -1 173 -1 172 -1 0
2  131 -1 179 -1 173 -1 172 -1 0
2  132 -1 131 -1 0
2  135 -1 134 -1 0
2  134 -1 0
1
              1               0               0               0 
              0               1               0               0 
              0               0               1               0 
1
0.339252923161978 -0.681722139318509 -0.648199335767207 10.7537362816713 
-0.940695197248319 -0.245856712380972 -0.23376702686899 6.60151748272602 
-3.33867530336785e-17 0.689064149219951 -0.724700350669009 -13.1452975768888 
2  186 1 187 1 137 1 138 1 134 1 135 1 0
2  138 -1 137 -1 187 -1 186 -1 0
2  187 -1 186 -1 0
2  135 -1 134 -1 138 -1 137 -1 187 -1 186 -1 0
2  134 -1 138 -1 137 -1 187 -1 186 -1 0
1
              1               0               0               0 
              0               1               0               0 
              0               0               1               0 
1
0.761470696160366 -2.11350574863646e-17 -0.648199335767207 -2.2768779080631 
-0.198993385175314 -0.95171141098828 -0.23376702686899 -0.821134718506949 
-0.616898704444674 0.306994120781975 -0.724700350669009 -2.54559689798332 
1
              1               0               0               0 
              0               1               0               0 
              0               0               1               0 
1
              1               0               0               0 
              0               1               0               0 
              0               0               1               0 
2  193 1 194 1 195 1 196 1 0
2  194 -1 193 -1 0
2  137 1 138 1 134 1 135 1 196 -1 195 -1 194 -1 193 -1 0
2  195 -1 194 -1 193 -1 0
2  137 1 134 1 135 1 0
2  195 1 196 1 0
1
              1               0               0               0 
              0               1               0               0 
              0               0               1               0 
1
              1               0               0               0 
              0               1               0               0 
              0               0               1               0 
2  203 1 204 1 0
2  150 -1 0
2  151 -1 150 -1 0
2  124 1 125 1 89 1 90 1 0
2  90 -1 89 -1 125 -1 124 -1 0
2  89 -1 125 -1 124 -1 0
2  158 1 159 1 141 1 0
1
-0.999999143982246 -1.62630093848748e-19 0.00130844746782107 0.024702367439418 
0.00130783614825284 -0.0305647092278845 0.999531934514563 18.8703067727496 
3.99923163939127e-05 0.999532790132377 0.0305646830639507 0.577035036012856 
1
              1               0               0               0 
              0               1               0               0 
              0               0               1               0 
2  212 -1 213 -1 0
1
              1               0               0 0.0130844746782107 
              0               1               0 9.99531934514563 
              0               0               1 0.305646830639505 
2  215 -1 212 -1 213 -1 0
1
-0.999999143982246 -1.62630093848748e-19 0.00130844746782107 0.024702367439418 
0.00130783614825284 -0.0305647092278845 0.999531934514563 18.8703067727496 
3.99923163939127e-05 0.999532790132377 0.0305646830639507 0.577035036012856 
1
              1               0               0               0 
              0               1               0               0 
              0               0               1               0 
2  217 -1 218 -1 0
1
              1               0               0 0.00130844746782107 
              0               1               0 0.999531934514563 
              0               0               1 0.0305646830639505 
2  220 -1 217 -1 218 -1 0
2  179 1 131 1 132 1 0
1
              1               0               0               0 
              0               1               0               0 
              0               0               1               0 
1
0.743860277210205 4.75983883767677e-18 -0.668335161418847 -3.6519109692245 
-0.00791131197534803 -0.999929936210967 -0.00880532861174832 -0.0481139972893296 
-0.668288335325094 0.0118373421481411 -0.743808159540673 -4.06430984576457 
2  223 1 224 1 203 1 204 1 0
2  224 -1 223 -1 0
2  179 1 131 1 132 1 204 -1 203 -1 224 -1 223 -1 0
2  203 -1 224 -1 223 -1 0
2  195 -1 0
2  196 -1 195 -1 0
2  143 1 144 1 0
1
              1               0               0 19.9917659383072 
              0               1               0 -0.0436670589226107 
              0               0               1 0.572178167973589 
2  232 -1 144 -1 143 -1 0
2  186 1 187 1 137 1 134 1 135 1 0
2  137 -1 187 -1 186 -1 0
2  135 -1 134 -1 137 -1 187 -1 186 -1 0
2  134 -1 137 -1 187 -1 186 -1 0
2  203 -1 0
2  204 -1 203 -1 0
2  124 1 125 1 126 1 0
1
-0.25173217566787 -0.708059928552581 -0.659759084296407 10.2759870777362 
-0.967796937241238 0.1841723810636 0.171608922611395 -8.56260125714451 
8.23729123034311e-17 0.681712308552132 -0.73162034441951 -13.899215576934 
1
              1               0               0               0 
              0               1               0               0 
              0               0               1               0 
2  241 -1 242 -1 0
1
              1               0               0 -1.64939771074102 
              0               1               0 0.429022306528486 
              0               0               1 -1.82905086104878 
2  244 -1 241 -1 242 -1 0
1
-0.25173217566787 -0.708059928552581 -0.659759084296407 10.2759870777362 
-0.967796937241238 0.1841723810636 0.171608922611395 -8.56260125714451 
8.23729123034311e-17 0.681712308552132 -0.73162034441951 -13.899215576934 
1
              1               0               0               0 
              0               1               0               0 
              0               0               1               0 
2  246 -1 247 -1 0
1
              1               0               0 -1.64939771074102 
              0               1               0 0.429022306528486 
              0               0               1 -1.82905086104878 
2  249 -1 246 -1 247 -1 0
1
-0.25173217566787 -0.708059928552581 -0.659759084296407 10.2759870777362 
-0.967796937241238 0.1841723810636 0.171608922611395 -8.56260125714451 
8.23729123034311e-17 0.681712308552132 -0.73162034441951 -13.899215576934 
1
              1               0               0               0 
              0               1               0               0 
              0               0               1               0 
2  251 -1 252 -1 0
1
              1               0               0 -1.64939771074102 
              0               1               0 0.429022306528486 
              0               0               1 -1.82905086104878 
2  254 -1 251 -1 252 -1 0
1
0.984811468470533 0.173505163419616 0.00650613830505035 -2.56683530420605 
-0.173486710578872 0.98483066454167 -0.00330506141163081 3.48543139910986 
-0.00698088973089962 0.00212613384905905 0.999973373012212 0.0952965465068609 
2  256 -1 0
1
0.939707369726888 0.341756913087319 0.0123398394641172 -4.48932379246122 
-0.341683662404569 0.93978357074853 -0.00768862776728269 7.36298797269549 
-0.0142244200856757 0.00300873863441832 0.999894301096399 0.215919843446004 
2  258 -1 0
1
0.866058168985615 0.499643004728952 0.0173238494194778 -5.70905162487602 
-0.499480276207637 0.866227451770552 -0.0130175066214308 11.5148521264069 
-0.0215105000599017 0.00262099685629426 0.99976518681271 0.358204812978268 
2  260 -1 0
1
0.766101659942944 0.642366149344199 0.021306731550669 -6.18895798847458 
-0.642081981726605 0.766397273061692 -0.0191297826866347 15.814871568878 
-0.0286177458004951 0.00097468985240836 0.999589953233319 0.517828198304084 
2  262 -1 0
1
0.642874970545702 0.765589776405323 0.0241674679995702 -5.9144611712433 
-0.765155898299226 0.643326324085511 -0.0258397375476141 20.1323923852644 
-0.0353302072420678 -0.00188016017199785 0.999373924741866 0.689939923633655 
2  264 -1 0
1
0.500122281395512 0.865569798358235 0.0258191367367841 -4.89390162007166 
-0.864962487248847 0.500754053349743 -0.032943492621319 24.3362288903309 
-0.0414439296403871 -0.0058568100435566 0.999123665254745 0.86931046128558 
2  266 -1 0
1
0.342181060715853 0.939268372828229 0.0262115526435152 -3.15828852049394 
-0.938469175874805 0.343012447155646 -0.0402252039045086 28.2986496391152 
-0.0467731506340727 -0.0108344312682025 0.998846778779837 1.05048972823918 
2  268 -1 0
1
0.342181060715853 -0.938469175874805 -0.0467731506340727 27.6872516354781 
0.939268372828229 0.343012447155646 -0.0108344312682025 -6.72892708558815 
0.0262115526435152 -0.0402252039045086 0.998846778779837 0.171824316580985 
2  270 -1 0
1
0.984811468470533 0.173505163419615 0.00650613830505031 -2.56683530420604 
-0.173486710578871 0.984830664541671 -0.00330506141163079 3.48543139910984 
-0.00698088973089958 0.00212613384905904 0.999973373012212 0.0952965465068605 
2  272 -1 0
1
              1 9.99123638187271e-13 3.88343633651513e-14 -1.64135371960583e-11 
-9.99123638187271e-13               1 -1.56385090694936e-14 1.86375359589874e-11 
-3.88343633651513e-14 1.56385090694936e-14               1 4.67625937972116e-13 
2  274 -1 0
1
0.984811468470533 0.173505163419615 0.00650613830505031 -2.56683530420604 
-0.173486710578871 0.984830664541671 -0.00330506141163079 3.48543139910984 
-0.00698088973089958 0.00212613384905904 0.999973373012212 0.0952965465068605 
2  276 -1 0
1
0.939707369726888 0.341756913087319 0.0123398394641172 -4.48932379246122 
-0.341683662404569 0.93978357074853 -0.00768862776728269 7.36298797269549 
-0.0142244200856757 0.00300873863441832 0.999894301096399 0.215919843446004 
2  278 -1 0
1
0.866058168985615 0.499643004728951 0.0173238494194778 -5.70905162487602 
-0.499480276207636 0.866227451770552 -0.0130175066214308 11.5148521264068 
-0.0215105000599017 0.00262099685629427 0.99976518681271 0.358204812978268 
2  280 -1 0
1
0.906330700665749 0.422304644575881 0.0149481838485736 -5.18986602247488 
-0.422190843932289 0.90644908489071 -0.010244403376302 9.41236473603277 
-0.0178760266970388 0.0029738309356621 0.999835788516841 0.284610847500741 
2  282 -1 0
1
0.920524295007353 0.390436845345899 0.0139316939945776 -4.93114388829454 
-0.390340288774618 0.920624740615525 -0.00919488585816892 8.58535697689232 
-0.016415884397872 0.003026014365301 0.999860671282003 0.256515934809725 
2  284 -1 0
1
0.927201662686546 0.374322390728249 0.0134098661735608 -4.79099275349931 
-0.37423394662012 0.927293669083546 -0.00868357499561174 8.17535674179003 
-0.0156853405584259 0.00303299803221524 0.999872377363483 0.242773548189711 
2  286 -1 0
2  137 1 138 1 0
2  166 1 167 1 0
1
              1               0               0 3.29879542148204 
              0               1               0 -0.858044613056972 
              0               0               1 3.65810172209755 
2  290 -1 167 -1 166 -1 0
2  126 1 167 -1 166 -1 0
2  172 1 173 1 0
1
0.0131738759233895 -0.743743612412503 -0.668335161418847 10.230831201911 
-0.999913220731257 -0.00979883640459354 -0.00880532861174829 -0.987424766773405 
-5.39125677436017e-17 0.668393164088859 -0.743808159540673 -13.8384077722752 
1
              1               0               0               0 
              0               1               0               0 
              0               0               1               0 
2  294 -1 295 -1 0
1
              1               0               0 -1.33667032283769 
              0               1               0 -0.0176106572234966 
              0               0               1 -1.48761631908135 
2  297 -1 294 -1 295 -1 0
1
0.0131738759233895 -0.743743612412503 -0.668335161418847 10.230831201911 
-0.999913220731257 -0.00979883640459354 -0.00880532861174829 -0.987424766773405 
-5.39125677436017e-17 0.668393164088859 -0.743808159540673 -13.8384077722752 
1
              1               0               0               0 
              0               1               0               0 
              0               0               1               0 
2  299 -1 300 -1 0
1
              1               0               0 -1.33667032283769 
              0               1               0 -0.0176106572234966 
              0               0               1 -1.48761631908135 
2  302 -1 299 -1 300 -1 0
1
0.0131738759233895 -0.743743612412503 -0.668335161418847 10.230831201911 
-0.999913220731257 -0.00979883640459354 -0.00880532861174829 -0.987424766773405 
-5.39125677436017e-17 0.668393164088859 -0.743808159540673 -13.8384077722752 
1
              1               0               0               0 
              0               1               0               0 
              0               0               1               0 
2  304 -1 305 -1 0
1
              1               0               0 -1.33667032283769 
              0               1               0 -0.0176106572234966 
              0               0               1 -1.48761631908135 
2  307 -1 304 -1 305 -1 0
2  172 1 173 1 179 1 0
2  186 1 187 1 137 1 138 1 0
1
              1               0               0 -0.648199335767207 
              0               1               0 -0.23376702686899 
              0               0               1 -0.724700350669009 
1
0.339252923161978 -0.681722139318509 -0.648199335767207 10.7537362816713 
-0.940695197248319 -0.245856712380972 -0.23376702686899 6.60151748272602 
-3.33867530336785e-17 0.689064149219951 -0.724700350669009 -13.1452975768888 
1
              1               0               0               0 
              0               1               0               0 
              0               0               1               0 
2  311 -1 312 -1 313 -1 0
1
              1               0               0 -1.29639867153441 
              0               1               0 -0.46753405373798 
              0               0               1 -1.44940070133802 
2  315 -1 311 -1 312 -1 313 -1 0
2  312 -1 313 -1 0
1
              1               0               0 -0.648199335767207 
              0               1               0 -0.23376702686899 
              0               0               1 -0.724700350669009 
1
0.339252923161978 -0.681722139318509 -0.648199335767207 10.7537362816713 
-0.940695197248319 -0.245856712380972 -0.23376702686899 6.60151748272602 
-3.33867530336785e-17 0.689064149219951 -0.724700350669009 -13.1452975768888 
1
              1               0               0               0 
              0               1               0               0 
              0               0               1               0 
2  318 -1 319 -1 320 -1 0
1
              1               0               0 -0.648199335767207 
              0               1               0 -0.23376702686899 
              0               0               1 -0.724700350669009 
2  322 -1 318 -1 319 -1 320 -1 0
1
              1               0               0 -0.648199335767207 
              0               1               0 -0.23376702686899 
              0               0               1 -0.724700350669009 
1
0.339252923161978 -0.681722139318509 -0.648199335767207 10.7537362816713 
-0.940695197248319 -0.245856712380972 -0.23376702686899 6.60151748272602 
-3.33867530336785e-17 0.689064149219951 -0.724700350669009 -13.1452975768888 
1
              1               0               0               0 
              0               1               0               0 
              0               0               1               0 
2  324 -1 325 -1 326 -1 0
1
              1               0               0 -0.648199335767207 
              0               1               0 -0.23376702686899 
              0               0               1 -0.724700350669009 
2  328 -1 324 -1 325 -1 326 -1 0
2  325 -1 326 -1 0
1
              1               0               0 -0.648199335767207 
              0               1               0 -0.23376702686899 
              0               0               1 -0.724700350669009 
1
0.339252923161978 -0.681722139318509 -0.648199335767207 10.7537362816713 
-0.940695197248319 -0.245856712380972 -0.23376702686899 6.60151748272602 
-3.33867530336785e-17 0.689064149219951 -0.724700350669009 -13.1452975768888 
1
              1               0               0               0 
              0               1               0               0 
              0               0               1               0 
2  331 -1 332 -1 333 -1 0
1
              1               0               0 -0.972299003650811 
              0               1               0 -0.350650540303485 
              0               0               1 -1.08705052600351 
2  335 -1 331 -1 332 -1 333 -1 0
2  332 -1 333 -1 0
1
              1               0               0 0.648199335767207 
              0               1               0 0.23376702686899 
              0               0               1 0.724700350669009 
1
0.339252923161978 -0.681722139318509 -0.648199335767207 10.7537362816713 
-0.940695197248319 -0.245856712380972 -0.23376702686899 6.60151748272602 
-3.33867530336785e-17 0.689064149219951 -0.724700350669009 -13.1452975768888 
1
              1               0               0               0 
              0               1               0               0 
              0               0               1               0 
2  338 -1 339 -1 340 -1 0
1
              1               0               0 -2.26869767518522 
              0               1               0 -0.818184594041465 
              0               0               1 -2.53645122734153 
2  342 -1 338 -1 339 -1 340 -1 0
2  193 1 194 1 0
1
              1               0               0 3.24099667883603 
              0               1               0 1.16883513434495 
              0               0               1 3.62350175334505 
2  345 -1 194 -1 193 -1 0
2  137 1 138 1 194 -1 193 -1 0
2  124 1 125 1 0
2  223 1 224 1 0
1
              1               0               0 3.34167580709424 
              0               1               0 0.0440266430587416 
              0               0               1 3.71904079770336 
2  350 -1 224 -1 223 -1 0
2  179 1 224 -1 223 -1 0
2  186 1 187 1 137 1 0
Curve2ds 1606
1 0 0 1 0 
2 0 0 1 -1.4779319740925788e-46 -1.4779319740925788e-46 -1 7.5
8 0 1.5707963267948968
1 6.2831853071795862 0 -1 -0 
2 -0.44201469953298589 -12.323160198664622 1 -1.4779319740925788e-46 -1.4779319740925788e-46 -1 7.5
1 4.7123889803846897 0 0 -1 
1 0 0 0 -1 
1 1.5707963267948968 7.0257924371246644e-31 0 -1 
1 0 -2 1 0 
2 -0.44201469953298411 -12.323160198664622 1 -1.4779319740925788e-46 1.4779319740925788e-46 1 7.5
1 6.2831853071795862 -1.9999999999999991 -1 0 
1 0 0 0 -1 
1 6.2831853071795862 0 0 -1 
8 0 2
1 6.2831853071795862 0 0 -1 
1 39.531327144386182 7.7953769270982479e-30 0 -1 
2 -0.44201469953298589 -12.323160198664622 1 -1.4779319740925788e-46 -1.4779319740925788e-46 -1 7.5
1 0 0 1 0 
2 0 0 1 -1.4779319740925788e-46 -1.4779319740925788e-46 -1 6.5
8 0 6.2831853071795862
1 6.2831853071795862 0 -1 -0 
2 -0.44201469953298589 -12.323160198664622 1 -1.4779319740925788e-46 -1.4779319740925788e-46 -1 6.5
1 12.531616504655629 0 0 -1 
1 16 0 0 -1 
1 -0.44201469953298733 -19.823160198664624 -1 1.4779319740925788e-46 
1 0 0 1 0 
1 -1.3322676295501867e-15 -1.9999999999999991 1 0 
1 -0.44201469953298556 -19.823160198664624 -1 1.4779319740925788e-46 
1 0 -2 1 0 
2 -0.44201469953298589 -12.323160198664622 1 -1.4779319740925745e-46 -1.4779319740925745e-46 -1 7.5
1 0 -5 1 0 
2 1.7763568394002505e-15 -1.1832913578315172e-30 1 -1.4779319740925788e-46 -1.4779319740925788e-46 -1 7.4999999999999982
7 0 0  1 2 2  1 4.7123889803846897  2 4.7123889803846897 
 6.1650575824548293 2 6.2831853071795862 2
1 0 4.7123889803846897 1 0 
7 0 0  10 11 2  -4.9062998588301872 5.6732651276688397  -3.6777020450813076 6.7356656728556015  -2.1934609850773992 7.5024319768614482  -0.53360800771398864 7.904355918284363  1.2004200637264901 7.897006749686577  2.894702895715227 7.4683977402683546  4.4351416565783115 6.6429594192788244  5.7209863178256857 5.4795545585550833  6.676166008320477 4.0638262936575433  7.2557002818578287 2.4969688926960849  7.4471218502899088 0.88405064011694634 
 0 11 1 11
7 0 0  1 2 2  3.9994075619500422 -5  6.1650575824548293 -5 
 0 2 1 2
