<?xml version='1.0' encoding='utf-8'?>
<!-- FreeCAD DocumentObject -->
<Document SchemaVersion="4" FileVersion="2">
<Object name="Sketch023" Extensions="True">
  <Extensions Count="1">
    <Extension type="Part::AttachExtension" name="AttachExtension">
    </Extension>
  </Extensions>
  <Properties Count="27" TransientCount="1">
    <_Property name="_ElementMapVersion" type="App::PropertyString" status="234881024"/>
    <Property name="ArcFitTolerance" type="App::PropertyPrecision">
      <Float value="1e-06"/>
    </Property>
    <Property name="AttacherType" type="App::PropertyString" status="8">
      <String value="Attacher::AttachEnginePlane"/>
    </Property>
    <Property name="AttachmentOffset" type="App::PropertyPlacement" status="8">
      <PropertyPlacement Px="0" Py="0" Pz="0" Q0="0" Q1="0" Q2="0" Q3="1" A="0" Ox="0" Oy="0" Oz="1"/>
    </Property>
    <Property name="AttachmentSupport" type="App::PropertyLinkSubList">
      <LinkSubList count="0">
      </LinkSubList>
    </Property>
    <Property name="ColoredElements" type="App::PropertyLinkSubHidden" status="218103808">
      <LinkSub value="" count="0">
      </LinkSub>
    </Property>
    <Property name="Constraints" type="Sketcher::PropertyConstraintList">
      <ConstraintList count="28">
        <Constrain Name="" Type="1" Value="0" First="9" FirstPos="2" Second="0" SecondPos="1" Third="-2000" ThirdPos="0" LabelDistance="10" LabelPosition="0" IsDriving="1" IsInVirtualSpace="0" IsActive="1" />
        <Constrain Name="" Type="1" Value="0" First="0" FirstPos="2" Second="1" SecondPos="1" Third="-2000" ThirdPos="0" LabelDistance="10" LabelPosition="0" IsDriving="1" IsInVirtualSpace="0" IsActive="1" />
        <Constrain Name="" Type="1" Value="0" First="1" FirstPos="2" Second="2" SecondPos="1" Third="-2000" ThirdPos="0" LabelDistance="10" LabelPosition="0" IsDriving="1" IsInVirtualSpace="0" IsActive="1" />
        <Constrain Name="" Type="1" Value="0" First="2" FirstPos="2" Second="7" SecondPos="1" Third="-2000" ThirdPos="0" LabelDistance="10" LabelPosition="0" IsDriving="1" IsInVirtualSpace="0" IsActive="1" />
        <Constrain Name="" Type="2" Value="0" First="1" FirstPos="0" Second="-2000" SecondPos="0" Third="-2000" ThirdPos="0" LabelDistance="10" LabelPosition="0" IsDriving="1" IsInVirtualSpace="0" IsActive="1" />
        <Constrain Name="" Type="3" Value="0" First="0" FirstPos="0" Second="-2000" SecondPos="0" Third="-2000" ThirdPos="0" LabelDistance="10" LabelPosition="0" IsDriving="1" IsInVirtualSpace="0" IsActive="1" />
        <Constrain Name="" Type="3" Value="0" First="2" FirstPos="0" Second="-2000" SecondPos="0" Third="-2000" ThirdPos="0" LabelDistance="10" LabelPosition="0" IsDriving="1" IsInVirtualSpace="0" IsActive="1" />
        <Constrain Name="" Type="6" Value="4.5" First="0" FirstPos="0" Second="-2000" SecondPos="0" Third="-2000" ThirdPos="0" LabelDistance="1.914089560508728" LabelPosition="0" IsDriving="1" IsInVirtualSpace="0" IsActive="1" />
        <Constrain Name="" Type="1" Value="0" First="3" FirstPos="2" Second="4" SecondPos="1" Third="-2000" ThirdPos="0" LabelDistance="10" LabelPosition="0" IsDriving="1" IsInVirtualSpace="0" IsActive="1" />
        <Constrain Name="" Type="1" Value="0" First="4" FirstPos="2" Second="5" SecondPos="1" Third="-2000" ThirdPos="0" LabelDistance="10" LabelPosition="0" IsDriving="1" IsInVirtualSpace="0" IsActive="1" />
        <Constrain Name="" Type="1" Value="0" First="5" FirstPos="2" Second="6" SecondPos="1" Third="-2000" ThirdPos="0" LabelDistance="10" LabelPosition="0" IsDriving="1" IsInVirtualSpace="0" IsActive="1" />
        <Constrain Name="" Type="1" Value="0" First="6" FirstPos="2" Second="3" SecondPos="1" Third="-2000" ThirdPos="0" LabelDistance="10" LabelPosition="0" IsDriving="1" IsInVirtualSpace="0" IsActive="1" />
        <Constrain Name="" Type="2" Value="0" First="3" FirstPos="0" Second="-2000" SecondPos="0" Third="-2000" ThirdPos="0" LabelDistance="10" LabelPosition="0" IsDriving="1" IsInVirtualSpace="0" IsActive="1" />
        <Constrain Name="" Type="2" Value="0" First="5" FirstPos="0" Second="-2000" SecondPos="0" Third="-2000" ThirdPos="0" LabelDistance="10" LabelPosition="0" IsDriving="1" IsInVirtualSpace="0" IsActive="1" />
        <Constrain Name="" Type="3" Value="0" First="4" FirstPos="0" Second="-2000" SecondPos="0" Third="-2000" ThirdPos="0" LabelDistance="10" LabelPosition="0" IsDriving="1" IsInVirtualSpace="0" IsActive="1" />
        <Constrain Name="" Type="6" Value="2" First="1" FirstPos="2" Second="5" SecondPos="0" Third="-2000" ThirdPos="0" LabelDistance="2.301987171173096" LabelPosition="0" IsDriving="1" IsInVirtualSpace="0" IsActive="1" />
        <Constrain Name="" Type="3" Value="0" First="6" FirstPos="0" Second="-2000" SecondPos="0" Third="-2000" ThirdPos="0" LabelDistance="10" LabelPosition="0" IsDriving="1" IsInVirtualSpace="0" IsActive="1" />
        <Constrain Name="" Type="1" Value="0" First="7" FirstPos="2" Second="8" SecondPos="1" Third="-2000" ThirdPos="0" LabelDistance="10" LabelPosition="0" IsDriving="1" IsInVirtualSpace="0" IsActive="1" />
        <Constrain Name="" Type="2" Value="0" First="7" FirstPos="0" Second="-2000" SecondPos="0" Third="-2000" ThirdPos="0" LabelDistance="10" LabelPosition="0" IsDriving="1" IsInVirtualSpace="0" IsActive="1" />
        <Constrain Name="" Type="6" Value="25" First="7" FirstPos="1" Second="9" SecondPos="2" Third="-2000" ThirdPos="0" LabelDistance="1.914089560508728" LabelPosition="0" IsDriving="1" IsInVirtualSpace="0" IsActive="1" />
        <Constrain Name="" Type="1" Value="0" First="8" FirstPos="2" Second="9" SecondPos="1" Third="-2000" ThirdPos="0" LabelDistance="10" LabelPosition="0" IsDriving="1" IsInVirtualSpace="0" IsActive="1" />
        <Constrain Name="" Type="2" Value="0" First="9" FirstPos="0" Second="-2000" SecondPos="0" Third="-2000" ThirdPos="0" LabelDistance="10" LabelPosition="0" IsDriving="1" IsInVirtualSpace="0" IsActive="1" />
        <Constrain Name="" Type="1" Value="0" First="8" FirstPos="2" Second="-3" SecondPos="2" Third="-2000" ThirdPos="0" LabelDistance="10" LabelPosition="0" IsDriving="1" IsInVirtualSpace="0" IsActive="1" />
        <Constrain Name="" Type="1" Value="0" First="7" FirstPos="2" Second="-3" SecondPos="1" Third="-2000" ThirdPos="0" LabelDistance="10" LabelPosition="0" IsDriving="1" IsInVirtualSpace="0" IsActive="1" />
        <Constrain Name="" Type="12" Value="0" First="9" FirstPos="0" Second="7" SecondPos="0" Third="-2000" ThirdPos="0" LabelDistance="10" LabelPosition="0" IsDriving="1" IsInVirtualSpace="0" IsActive="1" />
        <Constrain Name="" Type="6" Value="1" First="8" FirstPos="2" Second="3" SecondPos="0" Third="-2000" ThirdPos="0" LabelDistance="1.945187211036682" LabelPosition="0" IsDriving="1" IsInVirtualSpace="0" IsActive="1" />
        <Constrain Name="" Type="13" Value="0" First="4" FirstPos="2" Second="-5" SecondPos="0" Third="-2000" ThirdPos="0" LabelDistance="10" LabelPosition="0" IsDriving="1" IsInVirtualSpace="0" IsActive="1" />
        <Constrain Name="" Type="13" Value="0" First="5" FirstPos="2" Second="-4" SecondPos="0" Third="-2000" ThirdPos="0" LabelDistance="10" LabelPosition="0" IsDriving="1" IsInVirtualSpace="0" IsActive="1" />
      </ConstraintList>
    </Property>
    <Property name="Exports" type="App::PropertyLinkListHidden" status="67108864">
      <LinkList count="0">
      </LinkList>
    </Property>
    <Property name="ExpressionEngine" type="App::PropertyExpressionEngine" status="67108864">
      <ExpressionEngine count="0"></ExpressionEngine>
    </Property>
    <Property name="ExternalBSplineMaxDegree" type="App::PropertyInteger">
      <Integer value="5"/>
    </Property>
    <Property name="ExternalBSplineTolerance" type="App::PropertyPrecision">
      <Float value="0.0001"/>
    </Property>
    <Property name="ExternalGeo" type="Part::PropertyGeometryList" status="67108864">
      <GeometryList count="5">
        <Geometry type="Part::GeomLineSegment" id="-1" migrated="1">
          <GeoExtensions count="2">
            <GeoExtension type="Sketcher::SketchGeometryExtension" id="-1" internalGeometryType="0" geometryModeFlags="00000000000000000000000000000010"/>
            <GeoExtension type="Sketcher::ExternalGeometryExtension" Ref="" Flags="0"/>
          </GeoExtensions>
          <LineSegment StartX="0" StartY="0" StartZ="0" EndX="1" EndY="0" EndZ="0"/>
          <Construction value="1"/>
        </Geometry>
        <Geometry type="Part::GeomLineSegment" id="-2" migrated="1">
          <GeoExtensions count="2">
            <GeoExtension type="Sketcher::SketchGeometryExtension" id="-2" internalGeometryType="0" geometryModeFlags="00000000000000000000000000000010"/>
            <GeoExtension type="Sketcher::ExternalGeometryExtension" Ref="" Flags="0"/>
          </GeoExtensions>
          <LineSegment StartX="0" StartY="0" StartZ="0" EndX="0" EndY="1" EndZ="0"/>
          <Construction value="1"/>
        </Geometry>
        <Geometry type="Part::GeomLineSegment" id="12" ref="Pocket012.;#3d0a;:H383,E" migrated="1">
          <GeoExtensions count="2">
            <GeoExtension type="Sketcher::SketchGeometryExtension" id="12" internalGeometryType="0" geometryModeFlags="00000000000000000000000000000010"/>
            <GeoExtension type="Sketcher::ExternalGeometryExtension" Ref="Pocket012.;#3d0a;:H383,E" Flags="0"/>
          </GeoExtensions>
          <LineSegment StartX="135.9320850492889" StartY="207.8301398965758" StartZ="0" EndX="159.9320848969442" EndY="207.8301398965758" EndZ="0"/>
          <Construction value="1"/>
        </Geometry>
        <Geometry type="Part::GeomLineSegment" id="16" ref="Pocket012.;#3d0e;:H383,E" migrated="1">
          <GeoExtensions count="2">
            <GeoExtension type="Sketcher::SketchGeometryExtension" id="16" internalGeometryType="0" geometryModeFlags="00000000000000000000000000000010"/>
            <GeoExtension type="Sketcher::ExternalGeometryExtension" Ref="Pocket012.;#3d0e;:H383,E" Flags="0"/>
          </GeoExtensions>
          <LineSegment StartX="131.6820850492889" StartY="184.6174429090799" StartZ="0" EndX="131.6820850492889" EndY="203.5801398965758" EndZ="0"/>
          <Construction value="1"/>
        </Geometry>
        <Geometry type="Part::GeomLineSegment" id="17" ref="Pocket012.;#3d07;:H383,E" migrated="1">
          <GeoExtensions count="2">
            <GeoExtension type="Sketcher::SketchGeometryExtension" id="17" internalGeometryType="0" geometryModeFlags="00000000000000000000000000000010"/>
            <GeoExtension type="Sketcher::ExternalGeometryExtension" Ref="Pocket012.;#3d07;:H383,E" Flags="0"/>
          </GeoExtensions>
          <LineSegment StartX="164.1820848969442" StartY="203.5801398965758" StartZ="0" EndX="164.1820848969442" EndY="184.6174429090799" EndZ="0"/>
          <Construction value="1"/>
        </Geometry>
      </GeometryList>
    </Property>
    <Property name="ExternalGeometry" type="App::PropertyLinkSubList" status="16777216">
      <LinkSubList count="3">
        <Link obj="Pocket012" sub="Edge51" shadow=";#3d0a;:H383,E.Edge51"/>
        <Link obj="Pocket012" sub="Edge55" shadow=";#3d0e;:H383,E.Edge55"/>
        <Link obj="Pocket012" sub="Edge48" shadow=";#3d07;:H383,E.Edge48"/>
      </LinkSubList>
    </Property>
    <Property name="FullyConstrained" type="App::PropertyBool" status="218103808">
      <Bool value="true"/>
    </Property>
    <Property name="Geometry" type="Part::PropertyGeometryList" status="8192">
      <GeometryList count="10">
        <Geometry type="Part::GeomLineSegment" id="2" migrated="1">
          <GeoExtensions count="1">
            <GeoExtension type="Sketcher::SketchGeometryExtension" id="2" internalGeometryType="0" geometryModeFlags="00000000000000000000000000000000"/>
          </GeoExtensions>
          <LineSegment StartX="160.4320849731166" StartY="207.830139896576" StartZ="0" EndX="160.4320849731166" EndY="203.330139896576" EndZ="0"/>
          <Construction value="0"/>
        </Geometry>
        <Geometry type="Part::GeomLineSegment" id="3" migrated="1">
          <GeoExtensions count="1">
            <GeoExtension type="Sketcher::SketchGeometryExtension" id="3" internalGeometryType="0" geometryModeFlags="00000000000000000000000000000000"/>
          </GeoExtensions>
          <LineSegment StartX="160.4320849731166" StartY="203.330139896576" StartZ="0" EndX="135.4320849731166" EndY="203.330139896576" EndZ="0"/>
          <Construction value="0"/>
        </Geometry>
        <Geometry type="Part::GeomLineSegment" id="4" migrated="1">
          <GeoExtensions count="1">
            <GeoExtension type="Sketcher::SketchGeometryExtension" id="4" internalGeometryType="0" geometryModeFlags="00000000000000000000000000000000"/>
          </GeoExtensions>
          <LineSegment StartX="135.4320849731166" StartY="203.330139896576" StartZ="0" EndX="135.4320849731166" EndY="207.830139896576" EndZ="0"/>
          <Construction value="0"/>
        </Geometry>
        <Geometry type="Part::GeomLineSegment" id="7" migrated="1">
          <GeoExtensions count="1">
            <GeoExtension type="Sketcher::SketchGeometryExtension" id="7" internalGeometryType="0" geometryModeFlags="00000000000000000000000000000000"/>
          </GeoExtensions>
          <LineSegment StartX="131.682085049289" StartY="208.830139896576" StartZ="0" EndX="164.1820848969446" EndY="208.830139896576" EndZ="0"/>
          <Construction value="0"/>
        </Geometry>
        <Geometry type="Part::GeomLineSegment" id="8" migrated="1">
          <GeoExtensions count="1">
            <GeoExtension type="Sketcher::SketchGeometryExtension" id="8" internalGeometryType="0" geometryModeFlags="00000000000000000000000000000000"/>
          </GeoExtensions>
          <LineSegment StartX="164.1820848969446" StartY="208.830139896576" StartZ="0" EndX="164.1820848969446" EndY="201.330139896576" EndZ="0"/>
          <Construction value="0"/>
        </Geometry>
        <Geometry type="Part::GeomLineSegment" id="9" migrated="1">
          <GeoExtensions count="1">
            <GeoExtension type="Sketcher::SketchGeometryExtension" id="9" internalGeometryType="0" geometryModeFlags="00000000000000000000000000000000"/>
          </GeoExtensions>
          <LineSegment StartX="164.1820848969446" StartY="201.330139896576" StartZ="0" EndX="131.682085049289" EndY="201.330139896576" EndZ="0"/>
          <Construction value="0"/>
        </Geometry>
        <Geometry type="Part::GeomLineSegment" id="10" migrated="1">
          <GeoExtensions count="1">
            <GeoExtension type="Sketcher::SketchGeometryExtension" id="10" internalGeometryType="0" geometryModeFlags="00000000000000000000000000000000"/>
          </GeoExtensions>
          <LineSegment StartX="131.682085049289" StartY="201.330139896576" StartZ="0" EndX="131.682085049289" EndY="208.830139896576" EndZ="0"/>
          <Construction value="0"/>
        </Geometry>
        <Geometry type="Part::GeomLineSegment" id="13" migrated="1">
          <GeoExtensions count="1">
            <GeoExtension type="Sketcher::SketchGeometryExtension" id="13" internalGeometryType="0" geometryModeFlags="00000000000000000000000000000000"/>
          </GeoExtensions>
          <LineSegment StartX="135.4320849731166" StartY="207.830139896576" StartZ="0" EndX="135.9320850492889" EndY="207.830139896576" EndZ="0"/>
          <Construction value="0"/>
        </Geometry>
        <Geometry type="Part::GeomLineSegment" id="15" migrated="1">
          <GeoExtensions count="1">
            <GeoExtension type="Sketcher::SketchGeometryExtension" id="15" internalGeometryType="0" geometryModeFlags="00000000000000000000000000000000"/>
          </GeoExtensions>
          <LineSegment StartX="135.9320850492889" StartY="207.830139896576" StartZ="0" EndX="159.9320848969443" EndY="207.830139896576" EndZ="0"/>
          <Construction value="0"/>
        </Geometry>
        <Geometry type="Part::GeomLineSegment" id="1" migrated="1">
          <GeoExtensions count="1">
            <GeoExtension type="Sketcher::SketchGeometryExtension" id="1" internalGeometryType="0" geometryModeFlags="00000000000000000000000000000000"/>
          </GeoExtensions>
          <LineSegment StartX="159.9320848969443" StartY="207.830139896576" StartZ="0" EndX="160.4320849731166" EndY="207.830139896576" EndZ="0"/>
          <Construction value="0"/>
        </Geometry>
      </GeometryList>
    </Property>
    <Property name="InternalShape" type="Part::PropertyPartShape">
      <Part ElementMap="0.15.70200.4" brep="1">
<![CDATA[

CASCADE Topology V1, (c) Matra-Datavision
Locations 0
Curve2ds 0
Curves 0
Polygon3D 0
PolygonOnTriangulations 0
Surfaces 0
Triangulations 0

TShapes 0

*]]>
      </Part>
      <ElementMap/>
    </Property>
    <Property name="InternalTolerance" type="App::PropertyPrecision">
      <Float value="1e-06"/>
    </Property>
    <Property name="Label" type="App::PropertyString" status="134217728">
      <String value="Sketch023"/>
    </Property>
    <Property name="Label2" type="App::PropertyString" status="128">
      <String value=""/>
    </Property>
    <Property name="MakeInternals" type="App::PropertyBool">
      <Bool value="false"/>
    </Property>
    <Property name="MapMode" type="App::PropertyEnumeration">
      <Integer value="5"/>
    </Property>
    <Property name="MapPathParameter" type="App::PropertyFloat" status="8">
      <Float value="0"/>
    </Property>
    <Property name="MapReversed" type="App::PropertyBool" status="8">
      <Bool value="false"/>
    </Property>
    <Property name="Placement" type="App::PropertyPlacement" status="8388608">
      <PropertyPlacement Px="-4.573252362424211e-18" Py="142.2270751986726" Pz="7.006087688371941e-13" Q0="0.7071067811865491" Q1="1.136836201205145e-20" Q2="1.136836201205151e-20" Q3="0.707106781186546" A="1.570796326794901" Ox="1" Oy="1.607729173941021e-20" Oz="1.607729173941029e-20"/>
    </Property>
    <Property name="Shape" type="Part::PropertyPartShape">
      <Part HasherIndex="0" ElementMap="1.15.70200.4" brep="1">
<![CDATA[

CASCADE Topology V1, (c) Matra-Datavision
Locations 8
1
              1 -7.66824120357977e-36 3.21545834788206e-20 -4.57325236242421e-18 
3.21545834788206e-20 -4.44089209850063e-15              -1 142.227075198673 
1.50463276905253e-34               1 -4.44089209850063e-15 7.00608768837194e-13 
1
              1 -7.66824120357977e-36 3.21545834788206e-20 -4.57325236242421e-18 
3.21545834788206e-20 -4.44089209850063e-15              -1 142.227075198673 
1.50463276905253e-34               1 -4.44089209850063e-15 7.00608768837194e-13 
1
              1               0               0               0 
              0               1               0               0 
              0               0               1               0 
2  2 -1 3 -1 0
1
              1               0               0               0 
              0               1               0               0 
              0               0               1               0 
1
              1               0               0               0 
              0               1               0               0 
              0               0               1               0 
1
              1               0               0               0 
              0               1               0               0 
              0               0               1               0 
2  5 1 6 1 7 1 2 -1 3 -1 0
Curve2ds 31
7 0 0  1 2 2  0 1  16 1 
 0 2 4.5 2
1 2.5377697837075175 12.499999999999886 -1 7.66824120459211e-36 
1 0.37582670747916058 9.5036018714572332 0.76866830400753383 -0.63964758923502696 
1 0 1 1 0 
1 -1.9622302162924825 12.499999999999886 4.0970131188326665e-35 -1 
1 -11.411210220277338 10.797738892011569 0.9969740590160372 -0.077734970567224435 
7 0 0  1 2 2  0 1  16 1 
 0 2 4.5 2
1 -1.9622302162924825 -12.500000000000114 1 -7.66824120459211e-36 
1 -3.8206410324306166 6.7184519694419862 0.77456316725153229 0.63249656120588915 
7 0 0  1 2 2  0 1  1.5 1 
 0 2 0.5000000761723129 2
1 2.5377697837075175 -12.500000000000114 -4.0970131188326665e-35 1 
1 -0.23695982051476819 7.7453689359435209 0.97972392223389282 -0.20035228025315147 
1 0 1 1 0 
1 2.5377697837075175 -11.999999923827801 -4.0970131188326665e-35 1 
1 -12.564091716400654 7.0642476666115606 0.99926448088953268 0.03834706289369201 
7 0 0  1 2 2  0 1  1.5 1 
 0 2 0.50000007617228448 2
1 2.5377697837075175 11.999999923827602 -4.0970131188326665e-35 1 
1 -0.25315977347932483 7.570535801549493 0.99180653734636393 0.12774894315420232 
1 0 1 1 0 
1 3.5377697837075175 -16.249999923827716 -4.0970131188326665e-35 1 
1 -16.63656674693372 7.2832486499279065 0.99990382477709028 0.013868712851090505 
1 -8.4443667866359249 -16.242887396681738 -7.5708660528695175e-36 1 
7 0 0  1 2 2  0 1  20.000000000000099 1 
 0 2 7.5 2
1 3.5377697837075175 16.249999923827886 -1 7.66824120459211e-36 
1 -10.328486492572521 1.3558890511291422 0.76600584278079897 0.64283360897333142 
1 0 1 1 0 
1 -3.9622302162924825 16.249999923827886 4.0970131188326665e-35 -1 
1 -15.715397945527291 10.272096548513849 0.99969059729167098 -0.02487387558508259 
7 0 0  1 2 2  0 1  20.000000000000099 1 
 0 2 7.5 2
1 -3.9622302162924825 -16.249999923827716 1 -7.66824120459211e-36 
1 4.8072481451277165 6.1794065815916621 0.75185290873457922 -0.6593308756818177 
Curves 10
1 160.43208497311659 207.83013989657599 0 0 -1 0 
1 160.43208497311659 203.33013989657599 0 -1 0 0 
1 135.43208497311659 203.33013989657599 0 0 1 0 
1 135.43208497311659 207.83013989657599 0 1 0 0 
1 135.9320850492889 207.83013989657599 0 1 0 0 
1 159.9320848969443 207.83013989657599 0 1 0 0 
1 131.68208504928899 208.83013989657599 0 1 0 0 
1 164.18208489694459 208.83013989657599 0 0 -1 0 
1 164.18208489694459 201.33013989657599 0 -1 0 0 
1 131.68208504928899 201.33013989657599 0 0 1 0 
Polygon3D 0
PolygonOnTriangulations 0
Surfaces 22
9 0 0 0 0 1 1 2 2 2 2 159 157.25000000000006 206.5  160.43208497311659 142.22707519867168 207.8301398965767  
159 157.25000000000006 190.5  160.43208497311659 142.22707519867171 203.3301398965767  

0 2
16 2

0 2
1 2

1 147.9320849731167 142.22707519867168 205.29237011286918 6.6925550554582747e-31 1 5.9535340652032362e-15 0 -5.9535340652032362e-15 1 1 -6.6925550554582747e-31 -3.9844354505918972e-45 
1 159.71604248655831 149.73853759933587 202.04006994828836 -0.99548714926127091 -0.094896447012879914 -4.163336342344337e-17 0.060700283558757805 -0.63676095513941788 -0.76866830400753661 0.07294389098173143 -0.76519941868395835 0.63964758923502352 
9 0 0 0 0 1 1 2 2 2 2 159 157.25000000000003 190.5  160.43208497311659 142.22707519867168 203.3301398965767  
138 157.25000000000003 190.5  135.43208497311659 142.22707519867168 203.3301398965767  

0 2
25 2

0 2
1 2

1 148.21604248655831 149.73853759933587 196.91506994828836 -2.7755575615628907e-17 0.64942902355103527 0.76042221388485809 -0.9969740590160372 -0.059111398415003104 0.050483346031241008 0.077734970567224435 -0.75812122114274816 0.64746388965249724 
9 0 0 0 0 1 1 2 2 2 2 138 157.25000000000003 190.5  135.43208497311659 142.22707519867168 203.3301398965767  
138 157.25000000000003 206.5  135.43208497311659 142.22707519867166 207.8301398965767  

0 2
16 2

0 2
1 2

1 136.71604248655831 149.73853759933584 202.04006994828836 0.98570347493374122 -0.16848934537099836 -4.163336342344337e-17 0.10656893154698731 0.62345405826428324 0.77456316725153507 -0.13050564099869821 -0.76348960551552247 0.63249656120588571 
9 0 0 0 0 1 1 2 2 2 2 138 157.25000000000006 206.5  135.43208497311659 142.22707519867168 207.8301398965767  
139.5 157.25000000000006 206.5  135.9320850492889 142.22707519867168 207.8301398965767  

0 2
1.5 2

0 2
1 2

1 137.21604250560137 149.73853759933587 207.16506994828836 -9.5756735873919771e-16 -0.088195646772229477 -0.99610317130828785 0.97972392223389282 -0.19957154173901109 0.017670198939216737 -0.20035228025315147 -0.97590610594377503 0.086407384979643828 
9 0 0 0 0 1 1 2 2 2 2 139.5 157.25000000000006 206.5  135.9320850492889 142.22707519867168 207.8301398965767  
157.5 157.25000000000006 206.5  159.9320848969443 142.22707519867168 207.8301398965767  

0 2
23.999999847655403 2

0 2
1 2

1 148.21604248655831 149.73853759933587 207.16506994828836 1.3010426069826053e-18 -0.08819564677222963 -0.99610317130828785 0.99926448088953268 0.038197630958764973 -0.0033820440137245322 0.03834706289369201 -0.99537051838979351 0.088130777188568626 
9 0 0 0 0 1 1 2 2 2 2 157.5 157.25000000000006 206.5  159.9320848969443 142.22707519867168 207.8301398965767  
159 157.25000000000006 206.5  160.43208497311659 142.22707519867168 207.8301398965767  

0 2
1.5 2

0 2
1 2

1 159.21604246751522 149.73853759933587 207.16506994828836 6.5746019739520979e-16 -0.088195646772229574 -0.99610317130828774 0.99180653734636393 0.12725112740718317 -0.011266900665953015 0.12774894315420232 -0.98794163717500494 0.087473019034188124 
9 0 0 0 0 1 1 2 2 2 2 136 157.25000000000006 208.50000000000011  131.68208504928899 142.22707519867166 208.8301398965767  
161.00000000000011 157.25000000000006 208.50000000000011  164.18208489694459 142.22707519867166 208.8301398965767  

0 2
32.499999847655602 2

0 2
1 2

1 148.21604248655842 149.73853759933587 208.66506994828842 -3.7947076036992655e-19 -0.02197043598702263 -0.99975862083932054 0.99990382477709028 0.013865365232822802 -0.0003047016679172824 0.013868712851090505 -0.99966246883110543 0.021968322975444154 
1 147.92497244597072 142.22707519867134 217.27450668321262 -3.1433788811305257e-20 1 4.9148247577896784e-15 0 -4.9148247577896784e-15 1 1 3.1433788811305257e-20 1.5449156348093525e-34 
9 0 0 0 0 1 1 2 2 2 2 161.00000000000011 157.25000000000006 208.50000000000011  164.18208489694459 142.22707519867166 208.8301398965767  
161.00000000000011 157.25000000000003 188.5  164.18208489694459 142.22707519867168 201.3301398965767  

0 2
20.000000000000099 2

0 2
1 2

1 162.59104244847236 149.73853759933587 201.79006994828839 -0.97829483739919343 -0.20721778668368626 1.6653345369377351e-16 -0.13320655765734077 0.62888080096530519 -0.7660058427807962 0.15873003532780824 -0.74937956141007112 -0.64283360897333475 
9 0 0 0 0 1 1 2 2 2 2 161.00000000000011 157.25000000000003 188.49999999999997  164.18208489694459 142.22707519867171 201.3301398965767  
136 157.25000000000003 188.49999999999997  131.68208504928899 142.22707519867171 201.3301398965767  

0 2
32.499999847655602 2

0 2
1 2

1 148.21604248655842 149.73853759933587 194.91506994828833 -8.6736173798840355e-18 0.64942902355103682 0.76042221388485687 -0.99969059729167098 -0.018914647540304995 0.01615381673315015 0.02487387558508259 -0.76018693719240737 0.64922808845228264 
9 0 0 0 0 1 1 2 2 2 2 136 157.25000000000003 188.49999999999997  131.68208504928899 142.22707519867171 201.3301398965767  
136 157.25000000000006 208.50000000000006  131.68208504928899 142.22707519867168 208.8301398965767  

0 2
20.000000000000099 2

0 2
1 2

1 133.84104252464448 149.73853759933587 201.79006994828836 0.96108927876657624 -0.2762379377275006 2.4980018054066022e-16 -0.18213220137841343 -0.63367583577757614 0.75185290873457644 -0.207690296983262 -0.7225977697942666 -0.65933087568182092 
Triangulations 0

TShapes 23
Ve
1.00000284217094e-07
160.432084973117 207.830139896576 0
0 0

0101101
*
Ve
1e-07
160.432084973117 203.330139896576 0
0 0

0101101
*
Ed
 1e-07 1 1 0
1  1 0 0 4.5
2  1 1 4 0 4.5
2  2 2 4 0 4.5
2  3 3 4 0 4.5
0

0101000
+23 0 -22 0 *
Ve
1e-07
135.432084973117 203.330139896576 0
0 0

0101101
*
Ed
 1e-07 1 1 0
1  2 0 0 25
2  4 4 4 0 25
2  5 2 4 0 25
2  6 5 4 0 25
0

0101000
+22 0 -20 0 *
Ve
1.00000284217094e-07
135.432084973117 207.830139896576 0
0 0

0101101
*
Ed
 1e-07 1 1 0
1  3 0 0 4.5
2  7 6 4 0 4.5
2  8 2 4 0 4.5
2  9 7 4 0 4.5
0

0101000
+20 0 -18 0 *
Ve
1e-07
135.932085049289 207.830139896576 0
0 0

0101101
*
Ed
 1e-07 1 1 0
1  4 0 0 0.500000076172313
2  10 8 4 0 0.500000076172313
2  11 2 4 0 0.500000076172313
2  12 9 4 0 0.500000076172313
0

0101000
+18 0 -16 0 *
Ve
1e-07
159.932084896944 207.830139896576 0
0 0

0101101
*
Ed
 1e-07 1 1 0
1  5 0 0 23.9999998476554
2  13 10 4 0 23.9999998476554
2  14 2 4 0 23.9999998476554
2  15 11 4 0 23.9999998476554
0

0101000
+16 0 -14 0 *
Ed
 1e-07 1 1 0
1  6 0 0 0.500000076172284
2  16 12 4 0 0.500000076172284
2  17 2 4 0 0.500000076172284
2  18 13 4 0 0.500000076172284
0

0101000
+14 0 -23 0 *
Wi

0101000
+21 0 +19 0 +17 0 +15 0 +13 0 +12 0 *
Ve
1.00000312638804e-07
131.682085049289 208.830139896576 0
0 0

0101101
*
Ve
1.00000284217094e-07
164.182084896945 208.830139896576 0
0 0

0101101
*
Ed
 1.00000284217094e-07 1 1 0
1  7 0 0 32.4999998476556
2  19 14 4 0 32.4999998476556
2  20 2 4 0 32.4999998476556
2  21 15 4 0 32.4999998476556
2  22 16 8 0 32.4999998476556
0

0101000
+10 0 -9 0 *
Ve
2.88466716778034e-07
164.182084896945 201.330139896576 0
0 0

0101101
*
Ed
 1e-07 1 1 0
1  8 0 0 7.5
2  23 17 4 0 7.5
2  24 2 4 0 7.5
2  25 18 4 0 7.5
0

0101000
+9 0 -7 0 *
Ve
2.88466716778034e-07
131.682085049289 201.330139896576 0
0 0

0101101
*
Ed
 1e-07 1 1 0
1  9 0 0 32.4999998476556
2  26 19 4 0 32.4999998476556
2  27 2 4 0 32.4999998476556
2  28 20 4 0 32.4999998476556
0

0101000
+7 0 -5 0 *
Ed
 1e-07 1 1 0
1  10 0 0 7.5
2  29 21 4 0 7.5
2  30 2 4 0 7.5
2  31 22 4 0 7.5
0

0101000
+5 0 -10 0 *
Wi

0101100
+8 0 +6 0 +4 0 +3 0 *
Co

1100000
+11 0 +2 0 *

+1 1 ]]>
      </Part>
      <ElementMap new="1" count="1"><Element key="Dummy" value="Dummy"/></ElementMap>
      <ElementMap2 count="20">
<![CDATA[
83 PostfixCount 3
Edge
Vertex
;SKT

MapCount 2

ElementMap 1 84 2

Edge

ChildCount 0

NameCount 7
0
;g2.3 0
;g3.3 0
;g4.3 0
;g13.3 0
;g15.3 0
;g1.3 0

Vertex

ChildCount 0

NameCount 7
0
;g2v1.3 ;g1v2.3 0
;g2v2.3 ;g3v1.3 0
;g3v2.3 ;g4v1.3 0
;g4v2.3 ;g13v1.3 0
;g13v2.3 ;g15v1.3 0
;g15v2.3 ;g1v1.3 0

EndMap

ElementMap 2 83 2

Edge

ChildCount 1
1 0 6 0 1 ;:H,E 0

NameCount 11
0
0
0
0
0
0
0
;g7.3 0
;g8.3 0
;g9.3 0
;g10.3 0

Vertex

ChildCount 1
1 0 6 0 1 ;:H,V 0

NameCount 11
0
0
0
0
0
0
0
;g7v1.3 0
;g7v2.3 0
;g8v2.3 0
;g9v2.3 0

EndMap
]]>
      </ElementMap2>
    </Property>
    <Property name="Support" type="App::PropertyLinkSubList" status="67108864">
      <LinkSubList count="0">
      </LinkSubList>
    </Property>
    <Property name="TreeRank" type="App::PropertyInteger" status="2184">
      <Integer value="913"/>
    </Property>
    <Property name="Visibility" type="App::PropertyBool" status="648">
      <Bool value="false"/>
    </Property>
  </Properties>
</Object>
</Document>
