<?xml version='1.0' encoding='utf-8'?>
<!-- FreeCAD DocumentObject -->
<Document SchemaVersion="4" FileVersion="2">
<Object name="Sketch081" Extensions="True">
  <Extensions Count="1">
    <Extension type="Part::AttachExtension" name="AttachExtension">
    </Extension>
  </Extensions>
  <Properties Count="27" TransientCount="1">
    <_Property name="_ElementMapVersion" type="App::PropertyString" status="234881024"/>
    <Property name="ArcFitTolerance" type="App::PropertyPrecision">
      <Float value="1e-06"/>
    </Property>
    <Property name="AttacherType" type="App::PropertyString" status="8">
      <String value="Attacher::AttachEnginePlane"/>
    </Property>
    <Property name="AttachmentOffset" type="App::PropertyPlacement">
      <PropertyPlacement Px="0" Py="0" Pz="0" Q0="0" Q1="0" Q2="0" Q3="1" A="0" Ox="0" Oy="0" Oz="1"/>
    </Property>
    <Property name="AttachmentSupport" type="App::PropertyLinkSubList">
      <LinkSubList count="2">
        <Link obj="Sketch078" sub="Edge3" shadow=";g3;SKT.Edge3"/>
        <Link obj="Sketch078" sub="Vertex6" shadow=";g3v2;SKT.Vertex6"/>
      </LinkSubList>
    </Property>
    <Property name="ColoredElements" type="App::PropertyLinkSubHidden" status="218103808">
      <LinkSub value="" count="0">
      </LinkSub>
    </Property>
    <Property name="Constraints" type="Sketcher::PropertyConstraintList">
      <ConstraintList count="6">
        <Constrain Name="" Type="5" Value="-1.570796326794897" First="0" FirstPos="2" Second="2" SecondPos="1" Third="-2000" ThirdPos="0" LabelDistance="10" LabelPosition="0" IsDriving="1" IsInVirtualSpace="0" IsActive="1" />
        <Constrain Name="" Type="5" Value="-1.570796326794897" First="2" FirstPos="2" Second="1" SecondPos="1" Third="-2000" ThirdPos="0" LabelDistance="10" LabelPosition="0" IsDriving="1" IsInVirtualSpace="0" IsActive="1" />
        <Constrain Name="" Type="5" Value="-1.570796326794897" First="1" FirstPos="2" Second="3" SecondPos="1" Third="-2000" ThirdPos="0" LabelDistance="10" LabelPosition="0" IsDriving="1" IsInVirtualSpace="0" IsActive="1" />
        <Constrain Name="" Type="5" Value="-1.570796326794897" First="3" FirstPos="2" Second="0" SecondPos="1" Third="-2000" ThirdPos="0" LabelDistance="10" LabelPosition="0" IsDriving="1" IsInVirtualSpace="0" IsActive="1" />
        <Constrain Name="" Type="12" Value="0" First="0" FirstPos="0" Second="1" SecondPos="0" Third="-2000" ThirdPos="0" LabelDistance="10" LabelPosition="0" IsDriving="1" IsInVirtualSpace="0" IsActive="1" />
        <Constrain Name="" Type="2" Value="0" First="3" FirstPos="0" Second="-2000" SecondPos="0" Third="-2000" ThirdPos="0" LabelDistance="10" LabelPosition="0" IsDriving="1" IsInVirtualSpace="0" IsActive="1" />
      </ConstraintList>
    </Property>
    <Property name="Exports" type="App::PropertyLinkListHidden" status="67108864">
      <LinkList count="0">
      </LinkList>
    </Property>
    <Property name="ExpressionEngine" type="App::PropertyExpressionEngine" status="67108864">
      <ExpressionEngine count="0"></ExpressionEngine>
    </Property>
    <Property name="ExternalBSplineMaxDegree" type="App::PropertyInteger">
      <Integer value="5"/>
    </Property>
    <Property name="ExternalBSplineTolerance" type="App::PropertyPrecision">
      <Float value="0.0001"/>
    </Property>
    <Property name="ExternalGeo" type="Part::PropertyGeometryList" status="67108864">
      <GeometryList count="2">
        <Geometry type="Part::GeomLineSegment" id="-1" migrated="1">
          <GeoExtensions count="2">
            <GeoExtension type="Sketcher::SketchGeometryExtension" id="-1" internalGeometryType="0" geometryModeFlags="00000000000000000000000000000010"/>
            <GeoExtension type="Sketcher::ExternalGeometryExtension" Ref="" Flags="0"/>
          </GeoExtensions>
          <LineSegment StartX="0" StartY="0" StartZ="0" EndX="1" EndY="0" EndZ="0"/>
          <Construction value="1"/>
        </Geometry>
        <Geometry type="Part::GeomLineSegment" id="-2" migrated="1">
          <GeoExtensions count="2">
            <GeoExtension type="Sketcher::SketchGeometryExtension" id="-2" internalGeometryType="0" geometryModeFlags="00000000000000000000000000000010"/>
            <GeoExtension type="Sketcher::ExternalGeometryExtension" Ref="" Flags="0"/>
          </GeoExtensions>
          <LineSegment StartX="0" StartY="0" StartZ="0" EndX="0" EndY="1" EndZ="0"/>
          <Construction value="1"/>
        </Geometry>
      </GeometryList>
    </Property>
    <Property name="ExternalGeometry" type="App::PropertyLinkSubList" status="16777216">
      <LinkSubList count="0">
      </LinkSubList>
    </Property>
    <Property name="FullyConstrained" type="App::PropertyBool" status="218103808">
      <Bool value="false"/>
    </Property>
    <Property name="Geometry" type="Part::PropertyGeometryList" status="8192">
      <GeometryList count="4">
        <Geometry type="Part::GeomArcOfCircle" id="1" migrated="1">
          <GeoExtensions count="1">
            <GeoExtension type="Sketcher::SketchGeometryExtension" id="1" internalGeometryType="0" geometryModeFlags="00000000000000000000000000000000"/>
          </GeoExtensions>
          <ArcOfCircle CenterX="-2.302207499370556" CenterY="-1.265444" CenterZ="0" NormalX="0" NormalY="0" NormalZ="1" AngleXU="-0" Radius="1.273215710499184" StartAngle="1.570796326794897" EndAngle="4.71238898038469"/>
          <Construction value="0"/>
        </Geometry>
        <Geometry type="Part::GeomArcOfCircle" id="2" migrated="1">
          <GeoExtensions count="1">
            <GeoExtension type="Sketcher::SketchGeometryExtension" id="2" internalGeometryType="0" geometryModeFlags="00000000000000000000000000000000"/>
          </GeoExtensions>
          <ArcOfCircle CenterX="1.738367" CenterY="-1.265444" CenterZ="0" NormalX="0" NormalY="0" NormalZ="1" AngleXU="-0" Radius="1.273215710499184" StartAngle="4.71238898038469" EndAngle="7.853981633974483"/>
          <Construction value="0"/>
        </Geometry>
        <Geometry type="Part::GeomLineSegment" id="3" migrated="1">
          <GeoExtensions count="1">
            <GeoExtension type="Sketcher::SketchGeometryExtension" id="3" internalGeometryType="0" geometryModeFlags="00000000000000000000000000000000"/>
          </GeoExtensions>
          <LineSegment StartX="-2.302207499370556" StartY="-2.538659710499184" StartZ="0" EndX="1.738367" EndY="-2.538659710499184" EndZ="0"/>
          <Construction value="0"/>
        </Geometry>
        <Geometry type="Part::GeomLineSegment" id="4" migrated="1">
          <GeoExtensions count="1">
            <GeoExtension type="Sketcher::SketchGeometryExtension" id="4" internalGeometryType="0" geometryModeFlags="00000000000000000000000000000000"/>
          </GeoExtensions>
          <LineSegment StartX="1.738367" StartY="0.007771710499183754" StartZ="0" EndX="-2.302207499370556" EndY="0.007771710499183754" EndZ="0"/>
          <Construction value="0"/>
        </Geometry>
      </GeometryList>
    </Property>
    <Property name="InternalShape" type="Part::PropertyPartShape">
      <Part ElementMap="0.15.70200.4" brep="1">
<![CDATA[

CASCADE Topology V1, (c) Matra-Datavision
Locations 0
Curve2ds 0
Curves 0
Polygon3D 0
PolygonOnTriangulations 0
Surfaces 0
Triangulations 0

TShapes 0

*]]>
      </Part>
      <ElementMap/>
    </Property>
    <Property name="InternalTolerance" type="App::PropertyPrecision">
      <Float value="1e-06"/>
    </Property>
    <Property name="Label" type="App::PropertyString" status="134217728">
      <String value="Sketch081"/>
    </Property>
    <Property name="Label2" type="App::PropertyString" status="128">
      <String value=""/>
    </Property>
    <Property name="MakeInternals" type="App::PropertyBool">
      <Bool value="false"/>
    </Property>
    <Property name="MapMode" type="App::PropertyEnumeration">
      <Integer value="7"/>
    </Property>
    <Property name="MapPathParameter" type="App::PropertyFloat" status="8">
      <Float value="0"/>
    </Property>
    <Property name="MapReversed" type="App::PropertyBool">
      <Bool value="false"/>
    </Property>
    <Property name="Placement" type="App::PropertyPlacement" status="8388612">
      <PropertyPlacement Px="10.27598707773617" Py="-8.562601257144506" Pz="-13.89921557693399" Q0="-0.5691475616411003" Q1="0.7361258216417523" Q2="0.2898014191583438" Q3="-0.2240646452344834" A="3.593558999263616" Ox="-0.5839960802048454" Oy="0.7553306441949451" Oz="0.297362062552413"/>
    </Property>
    <Property name="Shape" type="Part::PropertyPartShape">
      <Part ElementMap="0.15.70200.4" brep="1">
<![CDATA[

CASCADE Topology V1, (c) Matra-Datavision
Locations 21
1
-0.25173217566787 -0.708059928552581 -0.659759084296407 10.2759870777362 
-0.967796937241238 0.1841723810636 0.171608922611395 -8.56260125714451 
8.23729123034311e-17 0.681712308552132 -0.73162034441951 -13.899215576934 
1
-0.25173217566787 -0.708059928552581 -0.659759084296407 10.2759870777362 
-0.967796937241238 0.1841723810636 0.171608922611395 -8.56260125714451 
8.23729123034311e-17 0.681712308552132 -0.73162034441951 -13.899215576934 
1
              1               0               0               0 
              0               1               0               0 
              0               0               1               0 
2  2 -1 3 -1 0
1
              1               0               0 -1.64939771074102 
              0               1               0 0.429022306528486 
              0               0               1 -1.82905086104878 
2  5 -1 2 -1 3 -1 0
1
-0.25173217566787 -0.708059928552581 -0.659759084296407 10.2759870777362 
-0.967796937241238 0.1841723810636 0.171608922611395 -8.56260125714451 
8.23729123034311e-17 0.681712308552132 -0.73162034441951 -13.899215576934 
1
              1               0               0               0 
              0               1               0               0 
              0               0               1               0 
2  7 -1 8 -1 0
1
              1               0               0 -1.64939771074102 
              0               1               0 0.429022306528486 
              0               0               1 -1.82905086104878 
2  10 -1 7 -1 8 -1 0
1
-0.25173217566787 -0.708059928552581 -0.659759084296407 10.2759870777362 
-0.967796937241238 0.1841723810636 0.171608922611395 -8.56260125714451 
8.23729123034311e-17 0.681712308552132 -0.73162034441951 -13.899215576934 
1
              1               0               0               0 
              0               1               0               0 
              0               0               1               0 
2  12 -1 13 -1 0
1
              1               0               0 -1.64939771074102 
              0               1               0 0.429022306528486 
              0               0               1 -1.82905086104878 
2  15 -1 12 -1 13 -1 0
1
-0.25173217566787 -0.708059928552581 -0.659759084296407 10.2759870777362 
-0.967796937241238 0.1841723810636 0.171608922611395 -8.56260125714451 
8.23729123034311e-17 0.681712308552132 -0.73162034441951 -13.899215576934 
1
              1               0               0               0 
              0               1               0               0 
              0               0               1               0 
2  17 -1 18 -1 0
1
              1               0               0 -1.64939771074102 
              0               1               0 0.429022306528486 
              0               0               1 -1.82905086104878 
2  20 -1 17 -1 18 -1 0
Curve2ds 48
1 0 0 1 0 
1 0 -2.5 1 0 
2 0.37768399772020866 1.9846700907473227 -0.18694569189556828 -0.98237025010007684 -0.98237025010007684 0.18694569189556828 1.273215710499185
1 0 0 1 0 
1 0 -2.5 1 0 
2 0.37768399772020866 1.9846700907473227 -0.18694569189556828 -0.98237025010007684 -0.98237025010007684 0.18694569189556828 1.273215710499185
1 0 0 1 0 
1 0 -2.5 1 0 
2 0.37768399772020866 1.9846700907473227 -0.18694569189556828 -0.98237025010007684 -0.98237025010007684 0.18694569189556828 1.273215710499185
1 0 0 1 0 
1 0 -2.5 1 0 
2 0.37768399772020866 1.9846700907473227 -0.18694569189556828 -0.98237025010007684 -0.98237025010007684 0.18694569189556828 1.273215710499185
1 0 0 1 3.218918575610974e-17 
1 3.9617554997097546e-17 -2.4999999999999973 1 3.218918575610974e-17 
1 1.6284532336746393 1.7466478988157452 -0.18694569189556828 -0.98237025010007673 
1 0 0 1 3.218918575610974e-17 
1 3.9617554997097546e-17 -2.4999999999999973 1 3.218918575610974e-17 
1 1.6284532336746393 1.7466478988157452 -0.18694569189556828 -0.98237025010007673 
1 0 0 1 3.218918575610974e-17 
1 3.9617554997097546e-17 -2.4999999999999973 1 3.218918575610974e-17 
1 1.6284532336746393 1.7466478988157452 -0.18694569189556828 -0.98237025010007673 
1 0 0 1 3.218918575610974e-17 
1 3.9617554997097546e-17 -2.4999999999999973 1 3.218918575610974e-17 
1 1.6284532336746393 1.7466478988157452 -0.18694569189556828 -0.98237025010007673 
1 0 0 1 0 
1 0 -2.5 1 0 
2 -0.37768399772020983 -1.9846700907473225 -0.18694569189556828 -0.98237025010007684 -0.98237025010007684 0.18694569189556828 1.2732157104991841
1 0 0 1 0 
1 0 -2.5 1 0 
2 -0.37768399772020983 -1.9846700907473225 -0.18694569189556828 -0.98237025010007684 -0.98237025010007684 0.18694569189556828 1.2732157104991841
1 0 0 1 0 
1 0 -2.5 1 0 
2 -0.37768399772020983 -1.9846700907473225 -0.18694569189556828 -0.98237025010007684 -0.98237025010007684 0.18694569189556828 1.2732157104991841
1 0 0 1 0 
1 0 -2.5 1 0 
2 -0.37768399772020983 -1.9846700907473225 -0.18694569189556828 -0.98237025010007684 -0.98237025010007684 0.18694569189556828 1.2732157104991841
1 0 0 1 -3.218918575610974e-17 
1 -4.8370676484716009e-16 -2.4999999999999996 1 -3.218918575610974e-17 
1 -1.6284532336746393 -1.7466478988157452 0.18694569189556828 0.98237025010007673 
1 0 0 1 -3.218918575610974e-17 
1 -4.8370676484716009e-16 -2.4999999999999996 1 -3.218918575610974e-17 
1 -1.6284532336746393 -1.7466478988157452 0.18694569189556828 0.98237025010007673 
1 0 0 1 -3.218918575610974e-17 
1 -4.8370676484716009e-16 -2.4999999999999996 1 -3.218918575610974e-17 
1 -1.6284532336746393 -1.7466478988157452 0.18694569189556828 0.98237025010007673 
1 0 0 1 -3.218918575610974e-17 
1 -4.8370676484716009e-16 -2.4999999999999996 1 -3.218918575610974e-17 
1 -1.6284532336746393 -1.7466478988157452 0.18694569189556828 0.98237025010007673 
Curves 4
2 -2.3022074993705557 -1.265444 0 0 0 1 1 0 -0 -0 1 0 1.2732157104991837
1 -2.3022074993705557 -2.5386597104991839 0 1 0 0 
2 1.738367 -1.265444 0 0 0 1 1 0 -0 -0 1 0 1.2732157104991837
1 1.738367 0.0077717104991837545 0 -1 0 0 
Polygon3D 0
PolygonOnTriangulations 0
Surfaces 20
2 11.7515369686189 -6.5675917249425186 -14.761884327517439 0.65975908429640739 -0.17160892261139457 0.73162034441951007 -0.2517321756678701 -0.96779693724123794 8.2372912303431074e-17 -0.70805992855258137 0.18417238106359973 0.68171230855213227 1.2732157104991837
1 11.24296566378157 -8.5228195375354545 -14.761884327517437 0.65975908429640751 -0.17160892261139438 0.73162034441951007 0.74263725485064846 0 -0.66969389104865895 0.1149254471222929 0.98516515248975223 0.12744317919600329 
2 11.7515369686189 -6.5675917249425186 -14.761884327517439 0.65975908429640739 -0.17160892261139457 0.73162034441951007 -0.2517321756678701 -0.96779693724123794 8.2372912303431074e-17 -0.70805992855258137 0.18417238106359973 0.68171230855213227 1.2732157104991837
1 11.24296566378157 -8.5228195375354545 -14.761884327517437 0.65975908429640751 -0.17160892261139438 0.73162034441951007 0.74263725485064846 0 -0.66969389104865895 0.1149254471222929 0.98516515248975223 0.12744317919600329 
2 11.7515369686189 -6.5675917249425186 -14.761884327517439 0.65975908429640739 -0.17160892261139457 0.73162034441951007 -0.2517321756678701 -0.96779693724123794 8.2372912303431074e-17 -0.70805992855258137 0.18417238106359973 0.68171230855213227 1.2732157104991837
1 11.24296566378157 -8.5228195375354545 -14.761884327517437 0.65975908429640751 -0.17160892261139438 0.73162034441951007 0.74263725485064846 0 -0.66969389104865895 0.1149254471222929 0.98516515248975223 0.12744317919600329 
2 11.7515369686189 -6.5675917249425186 -14.761884327517439 0.65975908429640739 -0.17160892261139457 0.73162034441951007 -0.2517321756678701 -0.96779693724123794 8.2372912303431074e-17 -0.70805992855258137 0.18417238106359973 0.68171230855213227 1.2732157104991837
1 11.24296566378157 -8.5228195375354545 -14.761884327517437 0.65975908429640751 -0.17160892261139438 0.73162034441951007 0.74263725485064846 0 -0.66969389104865895 0.1149254471222929 0.98516515248975223 0.12744317919600329 
1 12.653049993626977 -6.8020828939527362 -15.629851148806681 -0.70805992855258137 0.18417238106359976 0.68171230855213227 -0.2517321756678701 -0.96779693724123794 6.9388939039072284e-17 0.65975908429640739 -0.17160892261139457 0.73162034441951007 
1 12.653049993626977 -6.8020828939527362 -15.629851148806681 -0.70805992855258137 0.18417238106359976 0.68171230855213227 -0.2517321756678701 -0.96779693724123794 6.9388939039072284e-17 0.65975908429640739 -0.17160892261139457 0.73162034441951007 
1 12.653049993626977 -6.8020828939527362 -15.629851148806681 -0.70805992855258137 0.18417238106359976 0.68171230855213227 -0.2517321756678701 -0.96779693724123794 6.9388939039072284e-17 0.65975908429640739 -0.17160892261139457 0.73162034441951007 
1 12.653049993626977 -6.8020828939527362 -15.629851148806681 -0.70805992855258137 0.18417238106359976 0.68171230855213227 -0.2517321756678701 -0.96779693724123794 6.9388939039072284e-17 0.65975908429640739 -0.17160892261139457 0.73162034441951007 
2 10.734394358944236 -10.47804735012839 -14.761884327517437 0.65975908429640739 -0.17160892261139457 0.73162034441951007 -0.2517321756678701 -0.96779693724123794 8.2372912303431074e-17 -0.70805992855258137 0.18417238106359973 0.68171230855213227 1.2732157104991837
2 10.734394358944236 -10.47804735012839 -14.761884327517437 0.65975908429640739 -0.17160892261139457 0.73162034441951007 -0.2517321756678701 -0.96779693724123794 8.2372912303431074e-17 -0.70805992855258137 0.18417238106359973 0.68171230855213227 1.2732157104991837
2 10.734394358944236 -10.47804735012839 -14.761884327517437 0.65975908429640739 -0.17160892261139457 0.73162034441951007 -0.2517321756678701 -0.96779693724123794 8.2372912303431074e-17 -0.70805992855258137 0.18417238106359973 0.68171230855213227 1.2732157104991837
2 10.734394358944236 -10.47804735012839 -14.761884327517437 0.65975908429640739 -0.17160892261139457 0.73162034441951007 -0.2517321756678701 -0.96779693724123794 8.2372912303431074e-17 -0.70805992855258137 0.18417238106359973 0.68171230855213227 1.2732157104991837
1 9.8328813339361609 -10.243556181118173 -13.893917506228195 0.70805992855258137 -0.18417238106359976 -0.68171230855213227 0.2517321756678701 0.96779693724123794 -6.9388939039072284e-17 0.65975908429640739 -0.17160892261139457 0.73162034441951007 
1 9.8328813339361609 -10.243556181118173 -13.893917506228195 0.70805992855258137 -0.18417238106359976 -0.68171230855213227 0.2517321756678701 0.96779693724123794 -6.9388939039072284e-17 0.65975908429640739 -0.17160892261139457 0.73162034441951007 
1 9.8328813339361609 -10.243556181118173 -13.893917506228195 0.70805992855258137 -0.18417238106359976 -0.68171230855213227 0.2517321756678701 0.96779693724123794 -6.9388939039072284e-17 0.65975908429640739 -0.17160892261139457 0.73162034441951007 
1 9.8328813339361609 -10.243556181118173 -13.893917506228195 0.70805992855258137 -0.18417238106359976 -0.68171230855213227 0.2517321756678701 0.96779693724123794 -6.9388939039072284e-17 0.65975908429640739 -0.17160892261139457 0.73162034441951007 
Triangulations 0

TShapes 9
Ve
1.00000000036429e-07
-2.30220749937056 0.00777171049918372 0
0 0

0101101
*
Ve
1.00000000222045e-07
-2.30220749937056 -2.53865971049918 0
0 0

0101101
*
Ed
 1e-07 1 1 0
1  1 0 1.5707963267949 4.71238898038469
2  1 1 4 1.5707963267949 4.71238898038469
2  2 1 6 1.5707963267949 4.71238898038469
2  3 2 4 1.5707963267949 4.71238898038469
2  4 3 9 1.5707963267949 4.71238898038469
2  5 3 11 1.5707963267949 4.71238898038469
2  6 4 9 1.5707963267949 4.71238898038469
2  7 5 14 1.5707963267949 4.71238898038469
2  8 5 16 1.5707963267949 4.71238898038469
2  9 6 14 1.5707963267949 4.71238898038469
2  10 7 19 1.5707963267949 4.71238898038469
2  11 7 21 1.5707963267949 4.71238898038469
2  12 8 19 1.5707963267949 4.71238898038469
0

0101000
+9 0 -8 0 *
Ve
1.00000000222045e-07
1.738367 -2.53865971049918 0
0 0

0101101
*
Ed
 1e-07 1 1 0
1  2 0 0 4.04057449937056
2  13 9 4 0 4.04057449937056
2  14 9 6 0 4.04057449937056
2  15 2 4 0 4.04057449937056
2  16 10 9 0 4.04057449937056
2  17 10 11 0 4.04057449937056
2  18 4 9 0 4.04057449937056
2  19 11 14 0 4.04057449937056
2  20 11 16 0 4.04057449937056
2  21 6 14 0 4.04057449937056
2  22 12 19 0 4.04057449937056
2  23 12 21 0 4.04057449937056
2  24 8 19 0 4.04057449937056
0

0101000
+8 0 -6 0 *
Ve
1.00000000225013e-07
1.738367 0.00777171049918372 0
0 0

0101101
*
Ed
 1e-07 1 1 0
1  3 0 4.71238898038469 7.85398163397448
2  25 13 4 4.71238898038469 7.85398163397448
2  26 13 6 4.71238898038469 7.85398163397448
2  27 2 4 4.71238898038469 7.85398163397448
2  28 14 9 4.71238898038469 7.85398163397448
2  29 14 11 4.71238898038469 7.85398163397448
2  30 4 9 4.71238898038469 7.85398163397448
2  31 15 14 4.71238898038469 7.85398163397448
2  32 15 16 4.71238898038469 7.85398163397448
2  33 6 14 4.71238898038469 7.85398163397448
2  34 16 19 4.71238898038469 7.85398163397448
2  35 16 21 4.71238898038469 7.85398163397448
2  36 8 19 4.71238898038469 7.85398163397448
0

0101000
+6 0 -4 0 *
Ed
 1e-07 1 1 0
1  4 0 0 4.04057449937056
2  37 17 4 0 4.04057449937056
2  38 17 6 0 4.04057449937056
2  39 2 4 0 4.04057449937056
2  40 18 9 0 4.04057449937056
2  41 18 11 0 4.04057449937056
2  42 4 9 0 4.04057449937056
2  43 19 14 0 4.04057449937056
2  44 19 16 0 4.04057449937056
2  45 6 14 0 4.04057449937056
2  46 20 19 0 4.04057449937056
2  47 20 21 0 4.04057449937056
2  48 8 19 0 4.04057449937056
0

0101000
+4 0 -9 0 *
Wi

0101100
+7 0 +5 0 +3 0 +2 0 *

+1 1 ]]>
      </Part>
      <ElementMap new="1" count="1"><Element key="Dummy" value="Dummy"/></ElementMap>
      <ElementMap2 count="12">
<![CDATA[
106 PostfixCount 3
Edge
Vertex
;SKT

MapCount 1

ElementMap 1 106 2

Edge

ChildCount 0

NameCount 5
0
;g1.3 0
;g3.3 0
;g2.3 0
;g4.3 0

Vertex

ChildCount 0

NameCount 5
0
;g1v1.3 ;g4v2.3 0
;g1v2.3 ;g3v1.3 0
;g3v2.3 ;g2v1.3 0
;g2v2.3 ;g4v1.3 0

EndMap
]]>
      </ElementMap2>
    </Property>
    <Property name="Support" type="App::PropertyLinkSubList" status="67108864">
      <LinkSubList count="2">
        <Link obj="Sketch078" sub="Edge3" shadow=";g3;SKT.Edge3"/>
        <Link obj="Sketch078" sub="Vertex6" shadow=";g3v2;SKT.Vertex6"/>
      </LinkSubList>
    </Property>
    <Property name="TreeRank" type="App::PropertyInteger" status="2184">
      <Integer value="2052"/>
    </Property>
    <Property name="Visibility" type="App::PropertyBool" status="648">
      <Bool value="false"/>
    </Property>
  </Properties>
</Object>
</Document>
