<?xml version='1.0' encoding='utf-8'?>
<!-- FreeCAD DocumentObject -->
<Document SchemaVersion="4" FileVersion="2">
<Object name="Sketch082" Extensions="True">
  <Extensions Count="1">
    <Extension type="Part::AttachExtension" name="AttachExtension">
    </Extension>
  </Extensions>
  <Properties Count="27" TransientCount="1">
    <_Property name="_ElementMapVersion" type="App::PropertyString" status="234881024"/>
    <Property name="ArcFitTolerance" type="App::PropertyPrecision">
      <Float value="1e-06"/>
    </Property>
    <Property name="AttacherType" type="App::PropertyString" status="8">
      <String value="Attacher::AttachEnginePlane"/>
    </Property>
    <Property name="AttachmentOffset" type="App::PropertyPlacement">
      <PropertyPlacement Px="0" Py="0" Pz="0" Q0="0" Q1="0" Q2="0" Q3="1" A="0" Ox="0" Oy="0" Oz="1"/>
    </Property>
    <Property name="AttachmentSupport" type="App::PropertyLinkSubList">
      <LinkSubList count="1">
        <Link obj="Pad024" sub="Face35" shadow=";#18aa0;:H574,F.Face35"/>
      </LinkSubList>
    </Property>
    <Property name="ColoredElements" type="App::PropertyLinkSubHidden" status="218103808">
      <LinkSub value="" count="0">
      </LinkSub>
    </Property>
    <Property name="Constraints" type="Sketcher::PropertyConstraintList">
      <ConstraintList count="8">
        <Constrain Name="" Type="5" Value="-1.570796326794897" First="0" FirstPos="2" Second="2" SecondPos="1" Third="-2000" ThirdPos="0" LabelDistance="10" LabelPosition="0" IsDriving="1" IsInVirtualSpace="0" IsActive="1" />
        <Constrain Name="" Type="5" Value="-1.570796326794897" First="2" FirstPos="2" Second="1" SecondPos="1" Third="-2000" ThirdPos="0" LabelDistance="10" LabelPosition="0" IsDriving="1" IsInVirtualSpace="0" IsActive="1" />
        <Constrain Name="" Type="5" Value="-1.570796326794897" First="1" FirstPos="2" Second="3" SecondPos="1" Third="-2000" ThirdPos="0" LabelDistance="10" LabelPosition="0" IsDriving="1" IsInVirtualSpace="0" IsActive="1" />
        <Constrain Name="" Type="5" Value="-1.570796326794897" First="3" FirstPos="2" Second="0" SecondPos="1" Third="-2000" ThirdPos="0" LabelDistance="10" LabelPosition="0" IsDriving="1" IsInVirtualSpace="0" IsActive="1" />
        <Constrain Name="" Type="12" Value="0" First="0" FirstPos="0" Second="1" SecondPos="0" Third="-2000" ThirdPos="0" LabelDistance="10" LabelPosition="0" IsDriving="1" IsInVirtualSpace="0" IsActive="1" />
        <Constrain Name="" Type="1" Value="0" First="1" FirstPos="3" Second="-4" SecondPos="3" Third="-2000" ThirdPos="0" LabelDistance="10" LabelPosition="0" IsDriving="1" IsInVirtualSpace="0" IsActive="1" />
        <Constrain Name="" Type="1" Value="0" First="0" FirstPos="3" Second="-3" SecondPos="3" Third="-2000" ThirdPos="0" LabelDistance="10" LabelPosition="0" IsDriving="1" IsInVirtualSpace="0" IsActive="1" />
        <Constrain Name="" Type="6" Value="0.6" First="0" FirstPos="2" Second="-3" SecondPos="2" Third="-2000" ThirdPos="0" LabelDistance="1.072670817375183" LabelPosition="0" IsDriving="1" IsInVirtualSpace="0" IsActive="1" />
      </ConstraintList>
    </Property>
    <Property name="Exports" type="App::PropertyLinkListHidden" status="67108864">
      <LinkList count="0">
      </LinkList>
    </Property>
    <Property name="ExpressionEngine" type="App::PropertyExpressionEngine" status="67108864">
      <ExpressionEngine count="0"></ExpressionEngine>
    </Property>
    <Property name="ExternalBSplineMaxDegree" type="App::PropertyInteger">
      <Integer value="5"/>
    </Property>
    <Property name="ExternalBSplineTolerance" type="App::PropertyPrecision">
      <Float value="0.0001"/>
    </Property>
    <Property name="ExternalGeo" type="Part::PropertyGeometryList" status="67108864">
      <GeometryList count="4">
        <Geometry type="Part::GeomLineSegment" id="-1" migrated="1">
          <GeoExtensions count="2">
            <GeoExtension type="Sketcher::SketchGeometryExtension" id="-1" internalGeometryType="0" geometryModeFlags="00000000000000000000000000000010"/>
            <GeoExtension type="Sketcher::ExternalGeometryExtension" Ref="" Flags="0"/>
          </GeoExtensions>
          <LineSegment StartX="0" StartY="0" StartZ="0" EndX="1" EndY="0" EndZ="0"/>
          <Construction value="1"/>
        </Geometry>
        <Geometry type="Part::GeomLineSegment" id="-2" migrated="1">
          <GeoExtensions count="2">
            <GeoExtension type="Sketcher::SketchGeometryExtension" id="-2" internalGeometryType="0" geometryModeFlags="00000000000000000000000000000010"/>
            <GeoExtension type="Sketcher::ExternalGeometryExtension" Ref="" Flags="0"/>
          </GeoExtensions>
          <LineSegment StartX="0" StartY="0" StartZ="0" EndX="0" EndY="1" EndZ="0"/>
          <Construction value="1"/>
        </Geometry>
        <Geometry type="Part::GeomArcOfCircle" id="5" ref="Pad024.;#18aba;:H574,E" migrated="1">
          <GeoExtensions count="2">
            <GeoExtension type="Sketcher::SketchGeometryExtension" id="5" internalGeometryType="0" geometryModeFlags="00000000000000000000000000000010"/>
            <GeoExtension type="Sketcher::ExternalGeometryExtension" Ref="Pad024.;#18aba;:H574,E" Flags="0"/>
          </GeoExtensions>
          <ArcOfCircle CenterX="17.36546234826598" CenterY="-10.30946725895372" CenterZ="-1.77635683940025e-15" NormalX="-1.596376067316578e-16" NormalY="-7.159337229863028e-17" NormalZ="1" AngleXU="1.109037655630963" Radius="1.408076947564581" StartAngle="6.048116655770178" EndAngle="7.853981633974481"/>
          <Construction value="1"/>
        </Geometry>
        <Geometry type="Part::GeomArcOfCircle" id="6" ref="Pad024.;#189c4;:H574,E" migrated="1">
          <GeoExtensions count="2">
            <GeoExtension type="Sketcher::SketchGeometryExtension" id="6" internalGeometryType="0" geometryModeFlags="00000000000000000000000000000010"/>
            <GeoExtension type="Sketcher::ExternalGeometryExtension" Ref="Pad024.;#189c4;:H574,E" Flags="0"/>
          </GeoExtensions>
          <ArcOfCircle CenterX="15.30985577307363" CenterY="-14.44016862174857" CenterZ="0" NormalX="-1.596376067316578e-16" NormalY="-7.159337229863028e-17" NormalZ="1" AngleXU="1.109037655630963" Radius="1.408076947564581" StartAngle="1.570796326794895" EndAngle="4.71238898038469"/>
          <Construction value="1"/>
        </Geometry>
      </GeometryList>
    </Property>
    <Property name="ExternalGeometry" type="App::PropertyLinkSubList" status="16777216">
      <LinkSubList count="2">
        <Link obj="Pad024" sub="Edge112" shadow=";#18aba;:H574,E.Edge112"/>
        <Link obj="Pad024" sub="Edge116" shadow=";#189c4;:H574,E.Edge116"/>
      </LinkSubList>
    </Property>
    <Property name="FullyConstrained" type="App::PropertyBool" status="218103808">
      <Bool value="true"/>
    </Property>
    <Property name="Geometry" type="Part::PropertyGeometryList" status="8192">
      <GeometryList count="4">
        <Geometry type="Part::GeomArcOfCircle" id="1" migrated="1">
          <GeoExtensions count="1">
            <GeoExtension type="Sketcher::SketchGeometryExtension" id="1" internalGeometryType="0" geometryModeFlags="00000000000000000000000000000000"/>
          </GeoExtensions>
          <ArcOfCircle CenterX="17.36546234826598" CenterY="-10.30946725895372" CenterZ="0" NormalX="0" NormalY="0" NormalZ="1" AngleXU="-0" Radius="0.8080769475645793" StartAngle="5.821426636015653" EndAngle="8.963019289605446"/>
          <Construction value="0"/>
        </Geometry>
        <Geometry type="Part::GeomArcOfCircle" id="2" migrated="1">
          <GeoExtensions count="1">
            <GeoExtension type="Sketcher::SketchGeometryExtension" id="2" internalGeometryType="0" geometryModeFlags="00000000000000000000000000000000"/>
          </GeoExtensions>
          <ArcOfCircle CenterX="15.30985577307363" CenterY="-14.44016862174857" CenterZ="0" NormalX="0" NormalY="0" NormalZ="1" AngleXU="-0" Radius="0.8080769475645793" StartAngle="2.67983398242586" EndAngle="5.821426636015652"/>
          <Construction value="0"/>
        </Geometry>
        <Geometry type="Part::GeomLineSegment" id="3" migrated="1">
          <GeoExtensions count="1">
            <GeoExtension type="Sketcher::SketchGeometryExtension" id="3" internalGeometryType="0" geometryModeFlags="00000000000000000000000000000000"/>
          </GeoExtensions>
          <LineSegment StartX="16.64201501377829" StartY="-9.949450165737359" StartZ="0" EndX="14.58640843858595" EndY="-14.08015152853221" EndZ="0"/>
          <Construction value="0"/>
        </Geometry>
        <Geometry type="Part::GeomLineSegment" id="4" migrated="1">
          <GeoExtensions count="1">
            <GeoExtension type="Sketcher::SketchGeometryExtension" id="4" internalGeometryType="0" geometryModeFlags="00000000000000000000000000000000"/>
          </GeoExtensions>
          <LineSegment StartX="16.03330310756131" StartY="-14.80018571496493" StartZ="0" EndX="18.08890968275366" EndY="-10.66948435217008" EndZ="0"/>
          <Construction value="0"/>
        </Geometry>
      </GeometryList>
    </Property>
    <Property name="InternalShape" type="Part::PropertyPartShape">
      <Part ElementMap="0.15.70200.4" brep="1">
<![CDATA[

CASCADE Topology V1, (c) Matra-Datavision
Locations 0
Curve2ds 0
Curves 0
Polygon3D 0
PolygonOnTriangulations 0
Surfaces 0
Triangulations 0

TShapes 0

*]]>
      </Part>
      <ElementMap/>
    </Property>
    <Property name="InternalTolerance" type="App::PropertyPrecision">
      <Float value="1e-06"/>
    </Property>
    <Property name="Label" type="App::PropertyString" status="134217728">
      <String value="Sketch082"/>
    </Property>
    <Property name="Label2" type="App::PropertyString" status="128">
      <String value=""/>
    </Property>
    <Property name="MakeInternals" type="App::PropertyBool">
      <Bool value="false"/>
    </Property>
    <Property name="MapMode" type="App::PropertyEnumeration">
      <Integer value="5"/>
    </Property>
    <Property name="MapPathParameter" type="App::PropertyFloat" status="8">
      <Float value="0"/>
    </Property>
    <Property name="MapReversed" type="App::PropertyBool">
      <Bool value="false"/>
    </Property>
    <Property name="Placement" type="App::PropertyPlacement" status="8388612">
      <PropertyPlacement Px="-2.276877908063102" Py="-0.8211347185069487" Pz="-2.545596897983319" Q0="0.9270763800542076" Q1="-0.05366154004583704" Q2="-0.3411525920167195" Q3="0.1458243245339035" A="2.848900347991424" Ox="0.9370934399237218" Oy="-0.05424135296189694" Oz="-0.3448387456200199"/>
    </Property>
    <Property name="Shape" type="Part::PropertyPartShape">
      <Part ElementMap="0.15.70200.4" brep="1">
<![CDATA[

CASCADE Topology V1, (c) Matra-Datavision
Locations 9
1
0.761470696160366 -2.11350574863646e-17 -0.648199335767207 -2.2768779080631 
-0.198993385175314 -0.95171141098828 -0.23376702686899 -0.821134718506949 
-0.616898704444674 0.306994120781975 -0.724700350669009 -2.54559689798332 
1
0.761470696160366 -2.11350574863646e-17 -0.648199335767207 -2.2768779080631 
-0.198993385175314 -0.95171141098828 -0.23376702686899 -0.821134718506949 
-0.616898704444674 0.306994120781975 -0.724700350669009 -2.54559689798332 
1
              1               0               0               0 
              0               1               0               0 
              0               0               1               0 
2  2 -1 3 -1 0
1
              1               0               0 3.24099667883603 
              0               1               0 1.16883513434495 
              0               0               1 3.62350175334505 
2  5 -1 2 -1 3 -1 0
1
              1               0               0 0.648199335767207 
              0               1               0 0.23376702686899 
              0               0               1 0.724700350669009 
1
              1               0               0 -2.26869767518522 
              0               1               0 -0.818184594041465 
              0               0               1 -2.53645122734153 
2  7 1 8 1 2 -1 3 -1 0
Curve2ds 16
1 0 0 1 0 
1 0 -5 1 0 
2 0.58334391339825631 -2.2319863157832125 0.97883226938253043 -0.20466408677500153 -0.20466408677500153 -0.97883226938253043 0.80807694756457926
2 0.58334391339825709 -2.2319863157832116 0.97883226938253043 -0.2046640867750017 -0.2046640867750017 -0.97883226938253043 0.80807694756457937
1 0 -0 1 -2.8929819876012005e-17 
1 3.7872823583232681e-17 -5.0000000000000018 1 -2.8929819876012005e-17 
1 -0.19847225240357833 -2.4363189761099533 -0.25286287517861744 0.96750212731363172 
1 -0.19847225240357774 -2.4363189761099537 -0.25286287517861727 0.96750212731363172 
1 0 0 1 0 
1 0 -5 1 0 
2 -0.58334391339825631 2.2319863157832134 0.97883226938253043 -0.20466408677500153 -0.20466408677500153 -0.97883226938253043 0.80807694756457915
2 -0.58334391339825453 2.231986315783212 0.97883226938253043 -0.2046640867750017 -0.2046640867750017 -0.97883226938253043 0.80807694756457882
1 0 -0 1 4.1615739481502572e-17 
1 1.1102230246251565e-15 -5.0000000000000018 1 4.1615739481502572e-17 
1 0.19847225240358082 2.4363189761099533 0.25286287517861722 -0.96750212731363194 
1 0.19847225240358146 2.436318976109952 0.25286287517861705 -0.96750212731363183 
Curves 4
2 17.365462348265975 -10.309467258953717 0 0 0 1 1 0 -0 -0 1 0 0.80807694756457926
1 16.642015013778295 -9.9494501657373586 0 -0.44552328129319341 -0.89527035348309525 0 
2 15.309855773073629 -14.440168621748569 0 0 0 1 1 0 -0 -0 1 0 0.80807694756457926
1 16.033303107561309 -14.800185714964927 0 0.44552328129319302 0.89527035348309525 0 
Polygon3D 0
PolygonOnTriangulations 0
Surfaces 6
2 10.946412795417606 5.5348907752334613 -16.423273959604423 -0.6481993357672069 -0.23376702686898995 -0.72470035066900906 0.76147069616036556 -0.19899338517531401 -0.6168987044446741 -2.1135057486364616e-17 -0.9517114109882796 0.30699412078197513 0.80807694756457926
1 10.163770710495836 7.7050346419048887 -16.423273959604423 0.64819933576720634 0.23376702686898976 0.72470035066900962 0.74535208959094645 -1.3877787807814457e-17 -0.66667103022586016 -0.15584570463558572 0.97229263966607971 -0.17423874195426445 
1 11.784269049913853 8.2894522090773641 -14.6115230829319 0.64819933576720701 0.23376702686898987 0.72470035066900906 0.7453520895909459 1.3877787807814457e-17 -0.66667103022586094 -0.15584570463558597 0.97229263966607959 -0.17423874195426436 
1 10.39552884998991 5.3362196335543821 -15.866457105226583 -0.681722139318509 -0.24585671238097218 0.68906414921995129 -0.3392529231619783 0.94069519724831863 1.9428902930940239e-16 -0.6481993357672069 -0.23376702686898995 -0.72470035066900917 
2 9.3811286255740658 9.8751785085763171 -16.423273959604423 -0.6481993357672069 -0.23376702686898995 -0.72470035066900906 0.76147069616036556 -0.19899338517531401 -0.6168987044446741 -2.1135057486364616e-17 -0.9517114109882796 0.30699412078197513 0.80807694756457926
1 9.9320125710017599 10.073849650255395 -16.980090813982265 0.68172213931850911 0.24585671238097195 -0.68906414921995129 0.33925292316197819 -0.94069519724831863 0 -0.6481993357672069 -0.23376702686899001 -0.72470035066900917 
Triangulations 0

TShapes 9
Ve
1.00000001776357e-07
18.0889096827537 -10.6694843521701 0
0 0

0101101
*
Ve
1.00000002664535e-07
16.6420150137783 -9.94945016573736 0
0 0

0101101
*
Ed
 1e-07 1 1 0
1  1 0 5.82142663601565 8.96301928960545
2  1 1 4 5.82142663601565 8.96301928960545
2  2 1 6 5.82142663601565 8.96301928960545
2  3 2 4 5.82142663601565 8.96301928960545
2  4 3 9 5.82142663601565 8.96301928960545
0

0101000
+9 0 -8 0 *
Ve
1.00000002664535e-07
14.5864084385859 -14.0801515285322 0
0 0

0101101
*
Ed
 1.00000002664535e-07 1 1 0
1  2 0 0 4.61391505563001
2  5 4 4 0 4.61391505563001
2  6 4 6 0 4.61391505563001
2  7 2 4 0 4.61391505563001
2  8 3 9 0 4.61391505563001
0

0101000
+8 0 -6 0 *
Ve
1.00000001776357e-07
16.0333031075613 -14.8001857149649 0
0 0

0101101
*
Ed
 1e-07 1 1 0
1  3 0 2.67983398242586 5.82142663601565
2  9 5 4 2.67983398242586 5.82142663601565
2  10 5 6 2.67983398242586 5.82142663601565
2  11 2 4 2.67983398242586 5.82142663601565
2  12 3 9 2.67983398242586 5.82142663601565
0

0101000
+6 0 -4 0 *
Ed
 1.00000001776357e-07 1 1 0
1  4 0 0 4.61391505563001
2  13 6 4 0 4.61391505563001
2  14 6 6 0 4.61391505563001
2  15 2 4 0 4.61391505563001
2  16 3 9 0 4.61391505563001
0

0101000
+4 0 -9 0 *
Wi

0101100
+7 0 +5 0 +3 0 +2 0 *

+1 1 ]]>
      </Part>
      <ElementMap new="1" count="1"><Element key="Dummy" value="Dummy"/></ElementMap>
      <ElementMap2 count="12">
<![CDATA[
109 PostfixCount 3
Edge
Vertex
;SKT

MapCount 1

ElementMap 1 109 2

Edge

ChildCount 0

NameCount 5
0
;g1.3 0
;g3.3 0
;g2.3 0
;g4.3 0

Vertex

ChildCount 0

NameCount 5
0
;g1v1.3 ;g4v2.3 0
;g1v2.3 ;g3v1.3 0
;g3v2.3 ;g2v1.3 0
;g2v2.3 ;g4v1.3 0

EndMap
]]>
      </ElementMap2>
    </Property>
    <Property name="Support" type="App::PropertyLinkSubList" status="67108864">
      <LinkSubList count="1">
        <Link obj="Pad024" sub="Face35" shadow=";#18aa0;:H574,F.Face35"/>
      </LinkSubList>
    </Property>
    <Property name="TreeRank" type="App::PropertyInteger" status="2184">
      <Integer value="2054"/>
    </Property>
    <Property name="Visibility" type="App::PropertyBool" status="648">
      <Bool value="false"/>
    </Property>
  </Properties>
</Object>
</Document>
