<?xml version='1.0' encoding='utf-8'?>
<!-- FreeCAD DocumentObject -->
<Document SchemaVersion="4" FileVersion="2">
<Object name="Sketch080" Extensions="True">
  <Extensions Count="1">
    <Extension type="Part::AttachExtension" name="AttachExtension">
    </Extension>
  </Extensions>
  <Properties Count="27" TransientCount="1">
    <_Property name="_ElementMapVersion" type="App::PropertyString" status="234881024"/>
    <Property name="ArcFitTolerance" type="App::PropertyPrecision">
      <Float value="1e-06"/>
    </Property>
    <Property name="AttacherType" type="App::PropertyString" status="8">
      <String value="Attacher::AttachEnginePlane"/>
    </Property>
    <Property name="AttachmentOffset" type="App::PropertyPlacement">
      <PropertyPlacement Px="0" Py="0" Pz="0" Q0="0" Q1="0" Q2="0" Q3="1" A="0" Ox="0" Oy="0" Oz="1"/>
    </Property>
    <Property name="AttachmentSupport" type="App::PropertyLinkSubList">
      <LinkSubList count="2">
        <Link obj="Sketch078" sub="Edge2" shadow=";g2;SKT.Edge2"/>
        <Link obj="Sketch078" sub="Vertex4" shadow=";g2v2;SKT.Vertex4"/>
      </LinkSubList>
    </Property>
    <Property name="ColoredElements" type="App::PropertyLinkSubHidden" status="218103808">
      <LinkSub value="" count="0">
      </LinkSub>
    </Property>
    <Property name="Constraints" type="Sketcher::PropertyConstraintList">
      <ConstraintList count="6">
        <Constrain Name="" Type="5" Value="-1.570796326794897" First="0" FirstPos="2" Second="2" SecondPos="1" Third="-2000" ThirdPos="0" LabelDistance="10" LabelPosition="0" IsDriving="1" IsInVirtualSpace="0" IsActive="1" />
        <Constrain Name="" Type="5" Value="-1.570796326794897" First="2" FirstPos="2" Second="1" SecondPos="1" Third="-2000" ThirdPos="0" LabelDistance="10" LabelPosition="0" IsDriving="1" IsInVirtualSpace="0" IsActive="1" />
        <Constrain Name="" Type="5" Value="-1.570796326794897" First="1" FirstPos="2" Second="3" SecondPos="1" Third="-2000" ThirdPos="0" LabelDistance="10" LabelPosition="0" IsDriving="1" IsInVirtualSpace="0" IsActive="1" />
        <Constrain Name="" Type="5" Value="-1.570796326794897" First="3" FirstPos="2" Second="0" SecondPos="1" Third="-2000" ThirdPos="0" LabelDistance="10" LabelPosition="0" IsDriving="1" IsInVirtualSpace="0" IsActive="1" />
        <Constrain Name="" Type="12" Value="0" First="0" FirstPos="0" Second="1" SecondPos="0" Third="-2000" ThirdPos="0" LabelDistance="10" LabelPosition="0" IsDriving="1" IsInVirtualSpace="0" IsActive="1" />
        <Constrain Name="" Type="2" Value="0" First="3" FirstPos="0" Second="-2000" SecondPos="0" Third="-2000" ThirdPos="0" LabelDistance="10" LabelPosition="0" IsDriving="1" IsInVirtualSpace="0" IsActive="1" />
      </ConstraintList>
    </Property>
    <Property name="Exports" type="App::PropertyLinkListHidden" status="67108864">
      <LinkList count="0">
      </LinkList>
    </Property>
    <Property name="ExpressionEngine" type="App::PropertyExpressionEngine" status="67108864">
      <ExpressionEngine count="0"></ExpressionEngine>
    </Property>
    <Property name="ExternalBSplineMaxDegree" type="App::PropertyInteger">
      <Integer value="5"/>
    </Property>
    <Property name="ExternalBSplineTolerance" type="App::PropertyPrecision">
      <Float value="0.0001"/>
    </Property>
    <Property name="ExternalGeo" type="Part::PropertyGeometryList" status="67108864">
      <GeometryList count="2">
        <Geometry type="Part::GeomLineSegment" id="-1" migrated="1">
          <GeoExtensions count="2">
            <GeoExtension type="Sketcher::SketchGeometryExtension" id="-1" internalGeometryType="0" geometryModeFlags="00000000000000000000000000000010"/>
            <GeoExtension type="Sketcher::ExternalGeometryExtension" Ref="" Flags="0"/>
          </GeoExtensions>
          <LineSegment StartX="0" StartY="0" StartZ="0" EndX="1" EndY="0" EndZ="0"/>
          <Construction value="1"/>
        </Geometry>
        <Geometry type="Part::GeomLineSegment" id="-2" migrated="1">
          <GeoExtensions count="2">
            <GeoExtension type="Sketcher::SketchGeometryExtension" id="-2" internalGeometryType="0" geometryModeFlags="00000000000000000000000000000010"/>
            <GeoExtension type="Sketcher::ExternalGeometryExtension" Ref="" Flags="0"/>
          </GeoExtensions>
          <LineSegment StartX="0" StartY="0" StartZ="0" EndX="0" EndY="1" EndZ="0"/>
          <Construction value="1"/>
        </Geometry>
      </GeometryList>
    </Property>
    <Property name="ExternalGeometry" type="App::PropertyLinkSubList" status="16777216">
      <LinkSubList count="0">
      </LinkSubList>
    </Property>
    <Property name="FullyConstrained" type="App::PropertyBool" status="218103808">
      <Bool value="false"/>
    </Property>
    <Property name="Geometry" type="Part::PropertyGeometryList" status="8192">
      <GeometryList count="4">
        <Geometry type="Part::GeomArcOfCircle" id="1" migrated="1">
          <GeoExtensions count="1">
            <GeoExtension type="Sketcher::SketchGeometryExtension" id="1" internalGeometryType="0" geometryModeFlags="00000000000000000000000000000000"/>
          </GeoExtensions>
          <ArcOfCircle CenterX="-3.056839" CenterY="-2.575541454545454" CenterZ="0" NormalX="0" NormalY="0" NormalZ="1" AngleXU="-0" Radius="1.280740992920866" StartAngle="1.570796326794897" EndAngle="4.71238898038469"/>
          <Construction value="0"/>
        </Geometry>
        <Geometry type="Part::GeomArcOfCircle" id="2" migrated="1">
          <GeoExtensions count="1">
            <GeoExtension type="Sketcher::SketchGeometryExtension" id="2" internalGeometryType="0" geometryModeFlags="00000000000000000000000000000000"/>
          </GeoExtensions>
          <ArcOfCircle CenterX="1.252402550880941" CenterY="-2.575541454545454" CenterZ="0" NormalX="0" NormalY="0" NormalZ="1" AngleXU="-0" Radius="1.280740992920866" StartAngle="4.71238898038469" EndAngle="7.853981633974483"/>
          <Construction value="0"/>
        </Geometry>
        <Geometry type="Part::GeomLineSegment" id="3" migrated="1">
          <GeoExtensions count="1">
            <GeoExtension type="Sketcher::SketchGeometryExtension" id="3" internalGeometryType="0" geometryModeFlags="00000000000000000000000000000000"/>
          </GeoExtensions>
          <LineSegment StartX="-3.056839" StartY="-3.85628244746632" StartZ="0" EndX="1.252402550880941" EndY="-3.85628244746632" EndZ="0"/>
          <Construction value="0"/>
        </Geometry>
        <Geometry type="Part::GeomLineSegment" id="4" migrated="1">
          <GeoExtensions count="1">
            <GeoExtension type="Sketcher::SketchGeometryExtension" id="4" internalGeometryType="0" geometryModeFlags="00000000000000000000000000000000"/>
          </GeoExtensions>
          <LineSegment StartX="1.252402550880941" StartY="-1.294800461624589" StartZ="0" EndX="-3.056839" EndY="-1.294800461624589" EndZ="0"/>
          <Construction value="0"/>
        </Geometry>
      </GeometryList>
    </Property>
    <Property name="InternalShape" type="Part::PropertyPartShape">
      <Part ElementMap="0.15.70200.4" brep="1">
<![CDATA[

CASCADE Topology V1, (c) Matra-Datavision
Locations 0
Curve2ds 0
Curves 0
Polygon3D 0
PolygonOnTriangulations 0
Surfaces 0
Triangulations 0

TShapes 0

*]]>
      </Part>
      <ElementMap/>
    </Property>
    <Property name="InternalTolerance" type="App::PropertyPrecision">
      <Float value="1e-06"/>
    </Property>
    <Property name="Label" type="App::PropertyString" status="134217728">
      <String value="Sketch080"/>
    </Property>
    <Property name="Label2" type="App::PropertyString" status="128">
      <String value=""/>
    </Property>
    <Property name="MakeInternals" type="App::PropertyBool">
      <Bool value="false"/>
    </Property>
    <Property name="MapMode" type="App::PropertyEnumeration">
      <Integer value="7"/>
    </Property>
    <Property name="MapPathParameter" type="App::PropertyFloat" status="8">
      <Float value="0"/>
    </Property>
    <Property name="MapReversed" type="App::PropertyBool">
      <Bool value="false"/>
    </Property>
    <Property name="Placement" type="App::PropertyPlacement" status="8388612">
      <PropertyPlacement Px="10.23083120191096" Py="-0.9874247667734047" Pz="-13.83840777227522" Q0="0.6646015482732222" Q1="-0.6559030887281844" Q2="-0.2514044554798757" Q3="0.2547385326065351" A="2.62643804141273" Ox="0.6872747640959855" Oy="-0.6782795522320544" Oz="-0.2599812448248746"/>
    </Property>
    <Property name="Shape" type="Part::PropertyPartShape">
      <Part ElementMap="0.15.70200.4" brep="1">
<![CDATA[

CASCADE Topology V1, (c) Matra-Datavision
Locations 21
1
0.0131738759233895 -0.743743612412503 -0.668335161418847 10.230831201911 
-0.999913220731257 -0.00979883640459355 -0.0088053286117483 -0.987424766773405 
-5.39125677436017e-17 0.66839316408886 -0.743808159540673 -13.8384077722752 
1
0.0131738759233895 -0.743743612412503 -0.668335161418847 10.230831201911 
-0.999913220731257 -0.00979883640459354 -0.00880532861174829 -0.987424766773405 
-5.39125677436017e-17 0.668393164088859 -0.743808159540673 -13.8384077722752 
1
              1               0               0               0 
              0               1               0               0 
              0               0               1               0 
2  2 -1 3 -1 0
1
              1               0               0 -1.33667032283769 
              0               1               0 -0.0176106572234966 
              0               0               1 -1.48761631908135 
2  5 -1 2 -1 3 -1 0
1
0.0131738759233895 -0.743743612412503 -0.668335161418847 10.230831201911 
-0.999913220731257 -0.00979883640459354 -0.00880532861174829 -0.987424766773405 
-5.39125677436017e-17 0.668393164088859 -0.743808159540673 -13.8384077722752 
1
              1               0               0               0 
              0               1               0               0 
              0               0               1               0 
2  7 -1 8 -1 0
1
              1               0               0 -1.33667032283769 
              0               1               0 -0.0176106572234966 
              0               0               1 -1.48761631908135 
2  10 -1 7 -1 8 -1 0
1
0.0131738759233895 -0.743743612412503 -0.668335161418847 10.230831201911 
-0.999913220731257 -0.00979883640459354 -0.00880532861174829 -0.987424766773405 
-5.39125677436017e-17 0.668393164088859 -0.743808159540673 -13.8384077722752 
1
              1               0               0               0 
              0               1               0               0 
              0               0               1               0 
2  12 -1 13 -1 0
1
              1               0               0 -1.33667032283769 
              0               1               0 -0.0176106572234966 
              0               0               1 -1.48761631908135 
2  15 -1 12 -1 13 -1 0
1
0.0131738759233895 -0.743743612412503 -0.668335161418847 10.230831201911 
-0.999913220731257 -0.00979883640459354 -0.00880532861174829 -0.987424766773405 
-5.39125677436017e-17 0.668393164088859 -0.743808159540673 -13.8384077722752 
1
              1               0               0               0 
              0               1               0               0 
              0               0               1               0 
2  17 -1 18 -1 0
1
              1               0               0 -1.33667032283769 
              0               1               0 -0.0176106572234966 
              0               0               1 -1.48761631908135 
2  20 -1 17 -1 18 -1 0
Curve2ds 48
1 0 0 1 0 
1 0 -2 1 0 
2 -0.021113595017100979 2.1545173246147615 0.0097992162972541947 -0.99995198652733319 -0.99995198652733319 -0.0097992162972541947 1.2807409929208657
1 0 0 1 0 
1 0 -2 1 0 
2 -0.021113595017100979 2.1545173246147615 0.0097992162972541947 -0.99995198652733319 -0.99995198652733319 -0.0097992162972541947 1.2807409929208657
1 0 0 1 0 
1 0 -2 1 0 
2 -0.021113595017100979 2.1545173246147615 0.0097992162972541947 -0.99995198652733319 -0.99995198652733319 -0.0097992162972541947 1.2807409929208657
1 0 0 1 0 
1 0 -2 1 0 
2 -0.021113595017100979 2.1545173246147615 0.0097992162972541947 -0.99995198652733319 -0.99995198652733319 -0.0097992162972541947 1.2807409929208657
1 0 0 1 -2.1327703834938429e-18 
1 2.8598636315189651e-16 -1.9999999999999978 1 -2.1327703834938429e-18 
1 1.2595659050811063 2.1670675826251533 0.0097992162972541947 -0.99995198652733319 
1 0 0 1 -2.1327703834938429e-18 
1 2.8598636315189651e-16 -1.9999999999999978 1 -2.1327703834938429e-18 
1 1.2595659050811063 2.1670675826251533 0.0097992162972541947 -0.99995198652733319 
1 0 0 1 -2.1327703834938429e-18 
1 2.8598636315189651e-16 -1.9999999999999978 1 -2.1327703834938429e-18 
1 1.2595659050811063 2.1670675826251533 0.0097992162972541947 -0.99995198652733319 
1 0 0 1 -2.1327703834938429e-18 
1 2.8598636315189651e-16 -1.9999999999999978 1 -2.1327703834938429e-18 
1 1.2595659050811063 2.1670675826251533 0.0097992162972541947 -0.99995198652733319 
1 0 0 1 0 
1 0 -2 1 0 
2 0.021113595017098471 -2.1545173246147615 0.0097992162972541947 -0.99995198652733319 -0.99995198652733319 -0.0097992162972541947 1.2807409929208662
1 0 0 1 0 
1 0 -2 1 0 
2 0.021113595017098471 -2.1545173246147615 0.0097992162972541947 -0.99995198652733319 -0.99995198652733319 -0.0097992162972541947 1.2807409929208662
1 0 0 1 0 
1 0 -2 1 0 
2 0.021113595017098471 -2.1545173246147615 0.0097992162972541947 -0.99995198652733319 -0.99995198652733319 -0.0097992162972541947 1.2807409929208662
1 0 0 1 0 
1 0 -2 1 0 
2 0.021113595017098471 -2.1545173246147615 0.0097992162972541947 -0.99995198652733319 -0.99995198652733319 -0.0097992162972541947 1.2807409929208662
1 0 0 1 2.1327703834938429e-18 
1 -2.6170023448822131e-16 -2 1 2.1327703834938429e-18 
1 -1.2595659050811112 -2.1670675826251533 -0.0097992162972541947 0.99995198652733319 
1 0 0 1 2.1327703834938429e-18 
1 -2.6170023448822131e-16 -2 1 2.1327703834938429e-18 
1 -1.2595659050811112 -2.1670675826251533 -0.0097992162972541947 0.99995198652733319 
1 0 0 1 2.1327703834938429e-18 
1 -2.6170023448822131e-16 -2 1 2.1327703834938429e-18 
1 -1.2595659050811112 -2.1670675826251533 -0.0097992162972541947 0.99995198652733319 
1 0 0 1 2.1327703834938429e-18 
1 -2.6170023448822131e-16 -2 1 2.1327703834938429e-18 
1 -1.2595659050811112 -2.1670675826251533 -0.0097992162972541947 0.99995198652733319 
Curves 4
2 -3.0568390000000001 -2.5755414545454545 0 0 0 1 1 0 -0 -0 1 0 1.2807409929208657
1 -3.0568390000000001 -3.8562824474663202 0 1 0 0 
2 1.2524025508809413 -2.5755414545454545 0 0 0 1 1 0 -0 -0 1 0 1.2807409929208657
1 1.2524025508809413 -1.2948004616245887 0 -1 0 0 
Polygon3D 0
PolygonOnTriangulations 0
Surfaces 20
2 12.106103289528967 2.0943862723398499 -15.559882074320882 0.66833516141884686 0.0088053286117482955 0.74380815954067303 0.013173875923389476 -0.99991322073125688 -5.3912567743601675e-17 -0.74374361241250286 -0.0097988364045935444 0.6683931640888594 1.2807409929208657
1 12.134487996286579 -0.060047526685309403 -15.559882074320884 0.66833516141884708 0.0088053286117483164 0.7438081595406727 0.74383699635854328 0 -0.66836107221194485 -0.0058851388721266207 0.99996123234255396 -0.0065497291865128093 
2 12.106103289528967 2.0943862723398499 -15.559882074320882 0.66833516141884686 0.0088053286117482955 0.74380815954067303 0.013173875923389476 -0.99991322073125688 -5.3912567743601675e-17 -0.74374361241250286 -0.0097988364045935444 0.6683931640888594 1.2807409929208657
1 12.134487996286579 -0.060047526685309403 -15.559882074320884 0.66833516141884708 0.0088053286117483164 0.7438081595406727 0.74383699635854328 0 -0.66836107221194485 -0.0058851388721266207 0.99996123234255396 -0.0065497291865128093 
2 12.106103289528967 2.0943862723398499 -15.559882074320882 0.66833516141884686 0.0088053286117482955 0.74380815954067303 0.013173875923389476 -0.99991322073125688 -5.3912567743601675e-17 -0.74374361241250286 -0.0097988364045935444 0.6683931640888594 1.2807409929208657
1 12.134487996286579 -0.060047526685309403 -15.559882074320884 0.66833516141884708 0.0088053286117483164 0.7438081595406727 0.74383699635854328 0 -0.66836107221194485 -0.0058851388721266207 0.99996123234255396 -0.0065497291865128093 
2 12.106103289528967 2.0943862723398499 -15.559882074320882 0.66833516141884686 0.0088053286117482955 0.74380815954067303 0.013173875923389476 -0.99991322073125688 -5.3912567743601675e-17 -0.74374361241250286 -0.0097988364045935444 0.6683931640888594 1.2807409929208657
1 12.134487996286579 -0.060047526685309403 -15.559882074320884 0.66833516141884708 0.0088053286117483164 0.7438081595406727 0.74383699635854328 0 -0.66836107221194485 -0.0058851388721266207 0.99996123234255396 -0.0065497291865128093 
1 13.058646222168708 2.106936043806138 -16.415920598957566 -0.74374361241250275 -0.0097988364045935444 0.6683931640888594 0.013173875923389478 -0.99991322073125688 -5.4643789493269423e-17 0.66833516141884686 0.0088053286117482973 0.74380815954067292 
1 13.058646222168708 2.106936043806138 -16.415920598957566 -0.74374361241250275 -0.0097988364045935444 0.6683931640888594 0.013173875923389478 -0.99991322073125688 -5.4643789493269423e-17 0.66833516141884686 0.0088053286117482973 0.74380815954067292 
1 13.058646222168708 2.106936043806138 -16.415920598957566 -0.74374361241250275 -0.0097988364045935444 0.6683931640888594 0.013173875923389478 -0.99991322073125688 -5.4643789493269423e-17 0.66833516141884686 0.0088053286117482973 0.74380815954067292 
1 13.058646222168708 2.106936043806138 -16.415920598957566 -0.74374361241250275 -0.0097988364045935444 0.6683931640888594 0.013173875923389478 -0.99991322073125688 -5.4643789493269423e-17 0.66833516141884686 0.0088053286117482973 0.74380815954067292 
2 12.162872703044188 -2.214481325710469 -15.559882074320882 0.66833516141884686 0.0088053286117482955 0.74380815954067303 0.013173875923389476 -0.99991322073125688 -5.3912567743601675e-17 -0.74374361241250286 -0.0097988364045935444 0.6683931640888594 1.2807409929208657
2 12.162872703044188 -2.214481325710469 -15.559882074320882 0.66833516141884686 0.0088053286117482955 0.74380815954067303 0.013173875923389476 -0.99991322073125688 -5.3912567743601675e-17 -0.74374361241250286 -0.0097988364045935444 0.6683931640888594 1.2807409929208657
2 12.162872703044188 -2.214481325710469 -15.559882074320882 0.66833516141884686 0.0088053286117482955 0.74380815954067303 0.013173875923389476 -0.99991322073125688 -5.3912567743601675e-17 -0.74374361241250286 -0.0097988364045935444 0.6683931640888594 1.2807409929208657
2 12.162872703044188 -2.214481325710469 -15.559882074320882 0.66833516141884686 0.0088053286117482955 0.74380815954067303 0.013173875923389476 -0.99991322073125688 -5.3912567743601675e-17 -0.74374361241250286 -0.0097988364045935444 0.6683931640888594 1.2807409929208657
1 11.210329770404448 -2.2270310971767571 -14.703843549684196 0.74374361241250275 0.0097988364045935444 -0.6683931640888594 -0.013173875923389478 0.99991322073125688 5.4643789493269423e-17 0.66833516141884686 0.0088053286117482973 0.74380815954067292 
1 11.210329770404448 -2.2270310971767571 -14.703843549684196 0.74374361241250275 0.0097988364045935444 -0.6683931640888594 -0.013173875923389478 0.99991322073125688 5.4643789493269423e-17 0.66833516141884686 0.0088053286117482973 0.74380815954067292 
1 11.210329770404448 -2.2270310971767571 -14.703843549684196 0.74374361241250275 0.0097988364045935444 -0.6683931640888594 -0.013173875923389478 0.99991322073125688 5.4643789493269423e-17 0.66833516141884686 0.0088053286117482973 0.74380815954067292 
1 11.210329770404448 -2.2270310971767571 -14.703843549684196 0.74374361241250275 0.0097988364045935444 -0.6683931640888594 -0.013173875923389478 0.99991322073125688 5.4643789493269423e-17 0.66833516141884686 0.0088053286117482973 0.74380815954067292 
Triangulations 0

TShapes 9
Ve
1.00000000222045e-07
-3.056839 -1.29480046162459 0
0 0

0101101
*
Ve
1.00000000222045e-07
-3.056839 -3.85628244746632 0
0 0

0101101
*
Ed
 1e-07 1 1 0
1  1 0 1.5707963267949 4.71238898038469
2  1 1 4 1.5707963267949 4.71238898038469
2  2 1 6 1.5707963267949 4.71238898038469
2  3 2 4 1.5707963267949 4.71238898038469
2  4 3 9 1.5707963267949 4.71238898038469
2  5 3 11 1.5707963267949 4.71238898038469
2  6 4 9 1.5707963267949 4.71238898038469
2  7 5 14 1.5707963267949 4.71238898038469
2  8 5 16 1.5707963267949 4.71238898038469
2  9 6 14 1.5707963267949 4.71238898038469
2  10 7 19 1.5707963267949 4.71238898038469
2  11 7 21 1.5707963267949 4.71238898038469
2  12 8 19 1.5707963267949 4.71238898038469
0

0101000
+9 0 -8 0 *
Ve
1.00000000111022e-07
1.25240255088094 -3.85628244746632 0
0 0

0101101
*
Ed
 1e-07 1 1 0
1  2 0 0 4.30924155088094
2  13 9 4 0 4.30924155088094
2  14 9 6 0 4.30924155088094
2  15 2 4 0 4.30924155088094
2  16 10 9 0 4.30924155088094
2  17 10 11 0 4.30924155088094
2  18 4 9 0 4.30924155088094
2  19 11 14 0 4.30924155088094
2  20 11 16 0 4.30924155088094
2  21 6 14 0 4.30924155088094
2  22 12 19 0 4.30924155088094
2  23 12 21 0 4.30924155088094
2  24 8 19 0 4.30924155088094
0

0101000
+8 0 -6 0 *
Ve
1.00000000222045e-07
1.25240255088094 -1.29480046162459 0
0 0

0101101
*
Ed
 1e-07 1 1 0
1  3 0 4.71238898038469 7.85398163397448
2  25 13 4 4.71238898038469 7.85398163397448
2  26 13 6 4.71238898038469 7.85398163397448
2  27 2 4 4.71238898038469 7.85398163397448
2  28 14 9 4.71238898038469 7.85398163397448
2  29 14 11 4.71238898038469 7.85398163397448
2  30 4 9 4.71238898038469 7.85398163397448
2  31 15 14 4.71238898038469 7.85398163397448
2  32 15 16 4.71238898038469 7.85398163397448
2  33 6 14 4.71238898038469 7.85398163397448
2  34 16 19 4.71238898038469 7.85398163397448
2  35 16 21 4.71238898038469 7.85398163397448
2  36 8 19 4.71238898038469 7.85398163397448
0

0101000
+6 0 -4 0 *
Ed
 1e-07 1 1 0
1  4 0 0 4.30924155088094
2  37 17 4 0 4.30924155088094
2  38 17 6 0 4.30924155088094
2  39 2 4 0 4.30924155088094
2  40 18 9 0 4.30924155088094
2  41 18 11 0 4.30924155088094
2  42 4 9 0 4.30924155088094
2  43 19 14 0 4.30924155088094
2  44 19 16 0 4.30924155088094
2  45 6 14 0 4.30924155088094
2  46 20 19 0 4.30924155088094
2  47 20 21 0 4.30924155088094
2  48 8 19 0 4.30924155088094
0

0101000
+4 0 -9 0 *
Wi

0101100
+7 0 +5 0 +3 0 +2 0 *

+1 1 ]]>
      </Part>
      <ElementMap new="1" count="1"><Element key="Dummy" value="Dummy"/></ElementMap>
      <ElementMap2 count="12">
<![CDATA[
103 PostfixCount 3
Edge
Vertex
;SKT

MapCount 1

ElementMap 1 103 2

Edge

ChildCount 0

NameCount 5
0
;g1.3 0
;g3.3 0
;g2.3 0
;g4.3 0

Vertex

ChildCount 0

NameCount 5
0
;g1v1.3 ;g4v2.3 0
;g1v2.3 ;g3v1.3 0
;g3v2.3 ;g2v1.3 0
;g2v2.3 ;g4v1.3 0

EndMap
]]>
      </ElementMap2>
    </Property>
    <Property name="Support" type="App::PropertyLinkSubList" status="67108864">
      <LinkSubList count="2">
        <Link obj="Sketch078" sub="Edge2" shadow=";g2;SKT.Edge2"/>
        <Link obj="Sketch078" sub="Vertex4" shadow=";g2v2;SKT.Vertex4"/>
      </LinkSubList>
    </Property>
    <Property name="TreeRank" type="App::PropertyInteger" status="2184">
      <Integer value="2050"/>
    </Property>
    <Property name="Visibility" type="App::PropertyBool" status="648">
      <Bool value="false"/>
    </Property>
  </Properties>
</Object>
</Document>
