<?xml version='1.0' encoding='utf-8'?>
<!-- FreeCAD DocumentObject -->
<Document SchemaVersion="4" FileVersion="2">
<Object name="Sketch079" Extensions="True">
  <Extensions Count="1">
    <Extension type="Part::AttachExtension" name="AttachExtension">
    </Extension>
  </Extensions>
  <Properties Count="27" TransientCount="1">
    <_Property name="_ElementMapVersion" type="App::PropertyString" status="234881024"/>
    <Property name="ArcFitTolerance" type="App::PropertyPrecision">
      <Float value="1e-06"/>
    </Property>
    <Property name="AttacherType" type="App::PropertyString" status="8">
      <String value="Attacher::AttachEnginePlane"/>
    </Property>
    <Property name="AttachmentOffset" type="App::PropertyPlacement">
      <PropertyPlacement Px="0" Py="0" Pz="0" Q0="0" Q1="0" Q2="0" Q3="1" A="0" Ox="0" Oy="0" Oz="1"/>
    </Property>
    <Property name="AttachmentSupport" type="App::PropertyLinkSubList">
      <LinkSubList count="2">
        <Link obj="Sketch078" sub="Edge1" shadow=";g1;SKT.Edge1"/>
        <Link obj="Sketch078" sub="Vertex2" shadow=";g1v2;SKT.Vertex2"/>
      </LinkSubList>
    </Property>
    <Property name="ColoredElements" type="App::PropertyLinkSubHidden" status="218103808">
      <LinkSub value="" count="0">
      </LinkSub>
    </Property>
    <Property name="Constraints" type="Sketcher::PropertyConstraintList">
      <ConstraintList count="6">
        <Constrain Name="" Type="5" Value="-1.570796326794897" First="0" FirstPos="2" Second="2" SecondPos="1" Third="-2000" ThirdPos="0" LabelDistance="10" LabelPosition="0" IsDriving="1" IsInVirtualSpace="0" IsActive="1" />
        <Constrain Name="" Type="5" Value="-1.570796326794897" First="2" FirstPos="2" Second="1" SecondPos="1" Third="-2000" ThirdPos="0" LabelDistance="10" LabelPosition="0" IsDriving="1" IsInVirtualSpace="0" IsActive="1" />
        <Constrain Name="" Type="5" Value="-1.570796326794897" First="1" FirstPos="2" Second="3" SecondPos="1" Third="-2000" ThirdPos="0" LabelDistance="10" LabelPosition="0" IsDriving="1" IsInVirtualSpace="0" IsActive="1" />
        <Constrain Name="" Type="5" Value="-1.570796326794897" First="3" FirstPos="2" Second="0" SecondPos="1" Third="-2000" ThirdPos="0" LabelDistance="10" LabelPosition="0" IsDriving="1" IsInVirtualSpace="0" IsActive="1" />
        <Constrain Name="" Type="12" Value="0" First="0" FirstPos="0" Second="1" SecondPos="0" Third="-2000" ThirdPos="0" LabelDistance="10" LabelPosition="0" IsDriving="1" IsInVirtualSpace="0" IsActive="1" />
        <Constrain Name="" Type="2" Value="0" First="3" FirstPos="0" Second="-2000" SecondPos="0" Third="-2000" ThirdPos="0" LabelDistance="10" LabelPosition="0" IsDriving="1" IsInVirtualSpace="0" IsActive="1" />
      </ConstraintList>
    </Property>
    <Property name="Exports" type="App::PropertyLinkListHidden" status="67108864">
      <LinkList count="0">
      </LinkList>
    </Property>
    <Property name="ExpressionEngine" type="App::PropertyExpressionEngine" status="67108864">
      <ExpressionEngine count="0"></ExpressionEngine>
    </Property>
    <Property name="ExternalBSplineMaxDegree" type="App::PropertyInteger">
      <Integer value="5"/>
    </Property>
    <Property name="ExternalBSplineTolerance" type="App::PropertyPrecision">
      <Float value="0.0001"/>
    </Property>
    <Property name="ExternalGeo" type="Part::PropertyGeometryList" status="67108864">
      <GeometryList count="2">
        <Geometry type="Part::GeomLineSegment" id="-1" migrated="1">
          <GeoExtensions count="2">
            <GeoExtension type="Sketcher::SketchGeometryExtension" id="-1" internalGeometryType="0" geometryModeFlags="00000000000000000000000000000010"/>
            <GeoExtension type="Sketcher::ExternalGeometryExtension" Ref="" Flags="0"/>
          </GeoExtensions>
          <LineSegment StartX="0" StartY="0" StartZ="0" EndX="1" EndY="0" EndZ="0"/>
          <Construction value="1"/>
        </Geometry>
        <Geometry type="Part::GeomLineSegment" id="-2" migrated="1">
          <GeoExtensions count="2">
            <GeoExtension type="Sketcher::SketchGeometryExtension" id="-2" internalGeometryType="0" geometryModeFlags="00000000000000000000000000000010"/>
            <GeoExtension type="Sketcher::ExternalGeometryExtension" Ref="" Flags="0"/>
          </GeoExtensions>
          <LineSegment StartX="0" StartY="0" StartZ="0" EndX="0" EndY="1" EndZ="0"/>
          <Construction value="1"/>
        </Geometry>
      </GeometryList>
    </Property>
    <Property name="ExternalGeometry" type="App::PropertyLinkSubList" status="16777216">
      <LinkSubList count="0">
      </LinkSubList>
    </Property>
    <Property name="FullyConstrained" type="App::PropertyBool" status="218103808">
      <Bool value="false"/>
    </Property>
    <Property name="Geometry" type="Part::PropertyGeometryList" status="8192">
      <GeometryList count="4">
        <Geometry type="Part::GeomArcOfCircle" id="1" migrated="1">
          <GeoExtensions count="1">
            <GeoExtension type="Sketcher::SketchGeometryExtension" id="1" internalGeometryType="0" geometryModeFlags="00000000000000000000000000000000"/>
          </GeoExtensions>
          <ArcOfCircle CenterX="-3.545178364121878" CenterY="-2.127850516824714" CenterZ="0" NormalX="0" NormalY="0" NormalZ="1" AngleXU="-0" Radius="1.408076947564581" StartAngle="1.570796326794897" EndAngle="4.71238898038469"/>
          <Construction value="0"/>
        </Geometry>
        <Geometry type="Part::GeomArcOfCircle" id="2" migrated="1">
          <GeoExtensions count="1">
            <GeoExtension type="Sketcher::SketchGeometryExtension" id="2" internalGeometryType="0" geometryModeFlags="00000000000000000000000000000000"/>
          </GeoExtensions>
          <ArcOfCircle CenterX="1.06873669150813" CenterY="-2.127850516824714" CenterZ="0" NormalX="0" NormalY="0" NormalZ="1" AngleXU="-0" Radius="1.408076947564581" StartAngle="4.71238898038469" EndAngle="7.853981633974483"/>
          <Construction value="0"/>
        </Geometry>
        <Geometry type="Part::GeomLineSegment" id="3" migrated="1">
          <GeoExtensions count="1">
            <GeoExtension type="Sketcher::SketchGeometryExtension" id="3" internalGeometryType="0" geometryModeFlags="00000000000000000000000000000000"/>
          </GeoExtensions>
          <LineSegment StartX="-3.545178364121878" StartY="-3.535927464389295" StartZ="0" EndX="1.06873669150813" EndY="-3.535927464389295" EndZ="0"/>
          <Construction value="0"/>
        </Geometry>
        <Geometry type="Part::GeomLineSegment" id="4" migrated="1">
          <GeoExtensions count="1">
            <GeoExtension type="Sketcher::SketchGeometryExtension" id="4" internalGeometryType="0" geometryModeFlags="00000000000000000000000000000000"/>
          </GeoExtensions>
          <LineSegment StartX="1.06873669150813" StartY="-0.719773569260133" StartZ="0" EndX="-3.545178364121877" EndY="-0.719773569260133" EndZ="0"/>
          <Construction value="0"/>
        </Geometry>
      </GeometryList>
    </Property>
    <Property name="InternalShape" type="Part::PropertyPartShape">
      <Part ElementMap="0.15.70200.4" brep="1">
<![CDATA[

CASCADE Topology V1, (c) Matra-Datavision
Locations 0
Curve2ds 0
Curves 0
Polygon3D 0
PolygonOnTriangulations 0
Surfaces 0
Triangulations 0

TShapes 0

*]]>
      </Part>
      <ElementMap/>
    </Property>
    <Property name="InternalTolerance" type="App::PropertyPrecision">
      <Float value="1e-06"/>
    </Property>
    <Property name="Label" type="App::PropertyString" status="134217728">
      <String value="Sketch079"/>
    </Property>
    <Property name="Label2" type="App::PropertyString" status="128">
      <String value=""/>
    </Property>
    <Property name="MakeInternals" type="App::PropertyBool">
      <Bool value="false"/>
    </Property>
    <Property name="MapMode" type="App::PropertyEnumeration">
      <Integer value="7"/>
    </Property>
    <Property name="MapPathParameter" type="App::PropertyFloat" status="8">
      <Float value="0"/>
    </Property>
    <Property name="MapReversed" type="App::PropertyBool">
      <Bool value="false"/>
    </Property>
    <Property name="Placement" type="App::PropertyPlacement" status="8388612">
      <PropertyPlacement Px="10.75373628167129" Py="6.601517482726015" Pz="-13.14529757688885" Q0="0.7599029520622944" Q1="-0.5337580713970654" Q2="-0.2132506966870125" Q3="0.3036016551799402" A="2.524651718270383" Ox="0.7975479717867232" Oy="-0.5602000441138242" Oz="-0.2238149755350471"/>
    </Property>
    <Property name="Shape" type="Part::PropertyPartShape">
      <Part ElementMap="0.15.70200.4" brep="1">
<![CDATA[

CASCADE Topology V1, (c) Matra-Datavision
Locations 41
1
0.339252923161978 -0.681722139318509 -0.648199335767207 10.7537362816713 
-0.940695197248319 -0.245856712380972 -0.23376702686899 6.60151748272602 
-3.33867530336785e-17 0.689064149219951 -0.724700350669009 -13.1452975768888 
1
              1               0               0 -0.648199335767207 
              0               1               0 -0.23376702686899 
              0               0               1 -0.724700350669009 
1
0.339252923161978 -0.681722139318509 -0.648199335767207 10.7537362816713 
-0.940695197248319 -0.245856712380972 -0.23376702686899 6.60151748272602 
-3.33867530336785e-17 0.689064149219951 -0.724700350669009 -13.1452975768888 
1
              1               0               0               0 
              0               1               0               0 
              0               0               1               0 
2  2 -1 3 -1 4 -1 0
1
              1               0               0 -1.29639867153441 
              0               1               0 -0.46753405373798 
              0               0               1 -1.44940070133802 
2  6 -1 2 -1 3 -1 4 -1 0
2  3 -1 4 -1 0
1
              1               0               0 -0.648199335767207 
              0               1               0 -0.23376702686899 
              0               0               1 -0.724700350669009 
1
0.339252923161978 -0.681722139318509 -0.648199335767207 10.7537362816713 
-0.940695197248319 -0.245856712380972 -0.23376702686899 6.60151748272602 
-3.33867530336785e-17 0.689064149219951 -0.724700350669009 -13.1452975768888 
1
              1               0               0               0 
              0               1               0               0 
              0               0               1               0 
2  9 -1 10 -1 11 -1 0
1
              1               0               0 -0.648199335767207 
              0               1               0 -0.23376702686899 
              0               0               1 -0.724700350669009 
2  13 -1 9 -1 10 -1 11 -1 0
1
              1               0               0 -0.648199335767207 
              0               1               0 -0.23376702686899 
              0               0               1 -0.724700350669009 
1
0.339252923161978 -0.681722139318509 -0.648199335767207 10.7537362816713 
-0.940695197248319 -0.245856712380972 -0.23376702686899 6.60151748272602 
-3.33867530336785e-17 0.689064149219951 -0.724700350669009 -13.1452975768888 
1
              1               0               0               0 
              0               1               0               0 
              0               0               1               0 
2  15 -1 16 -1 17 -1 0
1
              1               0               0 -0.648199335767207 
              0               1               0 -0.23376702686899 
              0               0               1 -0.724700350669009 
2  19 -1 15 -1 16 -1 17 -1 0
2  16 -1 17 -1 0
1
              1               0               0 -0.648199335767207 
              0               1               0 -0.23376702686899 
              0               0               1 -0.724700350669009 
1
0.339252923161978 -0.681722139318509 -0.648199335767207 10.7537362816713 
-0.940695197248319 -0.245856712380972 -0.23376702686899 6.60151748272602 
-3.33867530336785e-17 0.689064149219951 -0.724700350669009 -13.1452975768888 
1
              1               0               0               0 
              0               1               0               0 
              0               0               1               0 
2  22 -1 23 -1 24 -1 0
1
              1               0               0 -0.972299003650811 
              0               1               0 -0.350650540303485 
              0               0               1 -1.08705052600351 
2  26 -1 22 -1 23 -1 24 -1 0
2  23 -1 24 -1 0
1
              1               0               0 0.648199335767207 
              0               1               0 0.23376702686899 
              0               0               1 0.724700350669009 
1
0.339252923161978 -0.681722139318509 -0.648199335767207 10.7537362816713 
-0.940695197248319 -0.245856712380972 -0.23376702686899 6.60151748272602 
-3.33867530336785e-17 0.689064149219951 -0.724700350669009 -13.1452975768888 
1
              1               0               0               0 
              0               1               0               0 
              0               0               1               0 
2  29 -1 30 -1 31 -1 0
1
              1               0               0 -2.26869767518522 
              0               1               0 -0.818184594041465 
              0               0               1 -2.53645122734153 
2  33 -1 29 -1 30 -1 31 -1 0
1
              1               0               0 0.648199335767207 
              0               1               0 0.23376702686899 
              0               0               1 0.724700350669009 
1
0.339252923161978 -0.681722139318509 -0.648199335767207 10.7537362816713 
-0.940695197248319 -0.245856712380972 -0.23376702686899 6.60151748272602 
-3.33867530336785e-17 0.689064149219951 -0.724700350669009 -13.1452975768888 
1
              1               0               0               0 
              0               1               0               0 
              0               0               1               0 
2  35 -1 36 -1 37 -1 0
1
              1               0               0 -2.26869767518522 
              0               1               0 -0.818184594041465 
              0               0               1 -2.53645122734153 
2  39 -1 35 -1 36 -1 37 -1 0
2  36 -1 37 -1 0
Curve2ds 56
1 0 0 1 0 
1 0 -2 1 0 
2 -0.58334391339825453 2.231986315783212 0.25286287517861694 -0.96750212731363194 -0.96750212731363194 -0.25286287517861694 1.40807694756458
1 0 0 1 0 
1 0 -1 1 0 
1 0 0 1 0 
1 0 -1 1 0 
2 -0.58334391339825453 2.231986315783212 0.25286287517861694 -0.96750212731363194 -0.96750212731363194 -0.25286287517861694 1.40807694756458
1 0 0 1 0 
1 0 -1.5 1 0 
2 -0.58334391339825453 2.231986315783212 0.25286287517861694 -0.96750212731363194 -0.96750212731363194 -0.25286287517861694 1.40807694756458
1 0 0 1 0 
1 0 -3.5 1 0 
1 0 0 1 0 
1 0 -3.5 1 0 
2 -0.58334391339825453 2.231986315783212 0.25286287517861694 -0.96750212731363194 -0.96750212731363194 -0.25286287517861694 1.40807694756458
1 0 0 1 -4.0427519937670394e-17 
1 1.983119243857357e-15 -2 1 -4.0427519937670394e-17 
1 0.77897352879176363 2.5880367012171241 0.25286287517861694 -0.96750212731363194 
1 0 0 1 -4.0427519937670394e-17 
1 6.8624829015676044e-16 -1.0000000000000018 1 -4.0427519937670394e-17 
1 0.77897352879176363 2.5880367012171241 0.25286287517861694 -0.96750212731363194 
1 0 0 1 -4.0427519937670394e-17 
1 4.7426092292256239e-16 -1.5000000000000022 1 -4.0427519937670394e-17 
1 0.77897352879176363 2.5880367012171241 0.25286287517861694 -0.96750212731363194 
1 0 0 1 -4.0427519937670394e-17 
1 -1.4839115706393866e-15 -3.5000000000000027 1 -4.0427519937670394e-17 
1 0.77897352879176363 2.5880367012171241 0.25286287517861694 -0.96750212731363194 
1 0 0 1 0 
1 0 -2 1 0 
2 0.58334391339825842 -2.2319863157832138 0.25286287517861694 -0.96750212731363194 -0.96750212731363194 -0.25286287517861694 1.40807694756458
1 0 0 1 0 
1 0 -1 1 0 
1 0 0 1 0 
1 0 -1 1 0 
2 0.58334391339825842 -2.2319863157832138 0.25286287517861694 -0.96750212731363194 -0.96750212731363194 -0.25286287517861694 1.40807694756458
1 0 0 1 0 
1 0 -1.5 1 0 
2 0.58334391339825842 -2.2319863157832138 0.25286287517861694 -0.96750212731363194 -0.96750212731363194 -0.25286287517861694 1.40807694756458
1 0 0 1 0 
1 0 -3.5 1 0 
1 0 0 1 0 
1 0 -3.5 1 0 
2 0.58334391339825842 -2.2319863157832138 0.25286287517861694 -0.96750212731363194 -0.96750212731363194 -0.25286287517861694 1.40807694756458
1 0 0 1 4.0427519937670394e-17 
1 -3.1778470691962206e-16 -1.9999999999999996 1 4.0427519937670394e-17 
1 -0.77897352879175985 -2.5880367012171241 -0.25286287517861694 0.96750212731363194 
1 0 0 1 4.0427519937670394e-17 
1 3.9621915885276724e-16 -0.999999999999999 1 4.0427519937670394e-17 
1 -0.77897352879175985 -2.5880367012171241 -0.25286287517861694 0.96750212731363194 
1 0 0 1 4.0427519937670394e-17 
1 1.1910736140151726e-15 -1.4999999999999991 1 4.0427519937670394e-17 
1 -0.77897352879175985 -2.5880367012171241 -0.25286287517861694 0.96750212731363194 
1 0 0 1 4.0427519937670394e-17 
1 9.2880005832680829e-16 -3.5 1 4.0427519937670394e-17 
1 -0.77897352879175985 -2.5880367012171241 -0.25286287517861694 0.96750212731363194 
Curves 4
2 -3.5451783641218779 -2.1278505168247137 0 0 0 1 1 0 -0 -0 1 0 1.4080769475645807
1 -3.5451783641218779 -3.5359274643892946 0 1 0 0 
2 1.0687366915081302 -2.1278505168247137 0 0 0 1 1 0 -0 -0 1 0 1.4080769475645807
1 1.0687366915081302 -0.71977356926013303 0 -1 0 0 
Polygon3D 0
PolygonOnTriangulations 0
Surfaces 24
2 10.353427629224877 10.225829048879802 -15.33622343360091 0.64819933576720701 0.23376702686898987 0.72470035066900906 0.33925292316197797 -0.94069519724831863 -3.3386753033678477e-17 -0.68172213931850911 -0.24585671238097184 0.68906414921995141 1.4080769475645807
1 11.784269049913853 8.2894522090773641 -14.6115230829319 0.64819933576720701 0.23376702686898987 0.72470035066900906 0.7453520895909459 1.3877787807814457e-17 -0.66667103022586094 -0.15584570463558597 0.97229263966607959 -0.17423874195426436 
2 10.353427629224877 10.225829048879802 -15.33622343360091 0.64819933576720701 0.23376702686898987 0.72470035066900906 0.33925292316197797 -0.94069519724831863 -3.3386753033678477e-17 -0.68172213931850911 -0.24585671238097184 0.68906414921995141 1.4080769475645807
2 10.353427629224877 10.225829048879802 -15.33622343360091 0.64819933576720701 0.23376702686898987 0.72470035066900906 0.33925292316197797 -0.94069519724831863 -3.3386753033678477e-17 -0.68172213931850911 -0.24585671238097184 0.68906414921995141 1.4080769475645807
1 11.784269049913853 8.2894522090773641 -14.6115230829319 0.64819933576720701 0.23376702686898987 0.72470035066900906 0.7453520895909459 1.3877787807814457e-17 -0.66667103022586094 -0.15584570463558597 0.97229263966607959 -0.17423874195426436 
2 10.353427629224877 10.225829048879802 -15.33622343360091 0.64819933576720701 0.23376702686898987 0.72470035066900906 0.33925292316197797 -0.94069519724831863 -3.3386753033678477e-17 -0.68172213931850911 -0.24585671238097184 0.68906414921995141 1.4080769475645807
1 11.784269049913853 8.2894522090773641 -14.6115230829319 0.64819933576720701 0.23376702686898987 0.72470035066900906 0.7453520895909459 1.3877787807814457e-17 -0.66667103022586094 -0.15584570463558597 0.97229263966607959 -0.17423874195426436 
2 11.649826300759292 10.693363102617782 -13.886822732262893 0.64819933576720701 0.23376702686898987 0.72470035066900906 0.33925292316197797 -0.94069519724831863 -3.3386753033678477e-17 -0.68172213931850911 -0.24585671238097184 0.68906414921995141 1.4080769475645807
2 11.649826300759292 10.693363102617782 -13.886822732262893 0.64819933576720701 0.23376702686898987 0.72470035066900906 0.33925292316197797 -0.94069519724831863 -3.3386753033678477e-17 -0.68172213931850911 -0.24585671238097184 0.68906414921995141 1.4080769475645807
1 11.784269049913853 8.2894522090773641 -14.6115230829319 0.64819933576720701 0.23376702686898987 0.72470035066900906 0.7453520895909459 1.3877787807814457e-17 -0.66667103022586094 -0.15584570463558597 0.97229263966607959 -0.17423874195426436 
1 11.313344858243678 10.572014217987466 -16.306478777510723 -0.681722139318509 -0.24585671238097181 0.68906414921995141 0.33925292316197797 -0.94069519724831863 -2.7755575615628914e-17 0.64819933576720701 0.23376702686898987 0.72470035066900895 
1 11.313344858243678 10.572014217987466 -16.306478777510723 -0.681722139318509 -0.24585671238097181 0.68906414921995141 0.33925292316197797 -0.94069519724831863 -2.7755575615628914e-17 0.64819933576720701 0.23376702686898987 0.72470035066900895 
1 11.313344858243678 10.572014217987466 -16.306478777510723 -0.681722139318509 -0.24585671238097181 0.68906414921995141 0.33925292316197797 -0.94069519724831863 -2.7755575615628914e-17 0.64819933576720701 0.23376702686898987 0.72470035066900895 
1 12.609743529778093 11.039548271725444 -14.857078076172705 -0.681722139318509 -0.24585671238097181 0.68906414921995141 0.33925292316197797 -0.94069519724831863 -2.7755575615628914e-17 0.64819933576720701 0.23376702686898987 0.72470035066900895 
2 11.918711799068417 5.8855413155369449 -15.33622343360091 0.64819933576720701 0.23376702686898987 0.72470035066900906 0.33925292316197797 -0.94069519724831863 -3.3386753033678477e-17 -0.68172213931850911 -0.24585671238097184 0.68906414921995141 1.4080769475645807
2 11.918711799068417 5.8855413155369449 -15.33622343360091 0.64819933576720701 0.23376702686898987 0.72470035066900906 0.33925292316197797 -0.94069519724831863 -3.3386753033678477e-17 -0.68172213931850911 -0.24585671238097184 0.68906414921995141 1.4080769475645807
2 11.918711799068417 5.8855413155369449 -15.33622343360091 0.64819933576720701 0.23376702686898987 0.72470035066900906 0.33925292316197797 -0.94069519724831863 -3.3386753033678477e-17 -0.68172213931850911 -0.24585671238097184 0.68906414921995141 1.4080769475645807
2 11.918711799068417 5.8855413155369449 -15.33622343360091 0.64819933576720701 0.23376702686898987 0.72470035066900906 0.33925292316197797 -0.94069519724831863 -3.3386753033678477e-17 -0.68172213931850911 -0.24585671238097184 0.68906414921995141 1.4080769475645807
2 13.215110470602832 6.3530753692749249 -13.886822732262893 0.64819933576720701 0.23376702686898987 0.72470035066900906 0.33925292316197797 -0.94069519724831863 -3.3386753033678477e-17 -0.68172213931850911 -0.24585671238097184 0.68906414921995141 1.4080769475645807
2 13.215110470602832 6.3530753692749249 -13.886822732262893 0.64819933576720701 0.23376702686898987 0.72470035066900906 0.33925292316197797 -0.94069519724831863 -3.3386753033678477e-17 -0.68172213931850911 -0.24585671238097184 0.68906414921995141 1.4080769475645807
1 10.958794570049614 5.5393561464292826 -14.365968089691096 0.681722139318509 0.24585671238097181 -0.68906414921995141 -0.33925292316197797 0.94069519724831863 2.7755575615628914e-17 0.64819933576720701 0.23376702686898987 0.72470035066900895 
1 10.958794570049614 5.5393561464292826 -14.365968089691096 0.681722139318509 0.24585671238097181 -0.68906414921995141 -0.33925292316197797 0.94069519724831863 2.7755575615628914e-17 0.64819933576720701 0.23376702686898987 0.72470035066900895 
1 10.958794570049614 5.5393561464292826 -14.365968089691096 0.681722139318509 0.24585671238097181 -0.68906414921995141 -0.33925292316197797 0.94069519724831863 2.7755575615628914e-17 0.64819933576720701 0.23376702686898987 0.72470035066900895 
1 12.255193241584029 6.0068902001672626 -12.916567388353078 0.681722139318509 0.24585671238097181 -0.68906414921995141 -0.33925292316197797 0.94069519724831863 2.7755575615628914e-17 0.64819933576720701 0.23376702686898987 0.72470035066900895 
Triangulations 0

TShapes 9
Ve
1.00000000222045e-07
-3.54517836412188 -0.719773569260133 0
0 0

0101101
*
Ve
1.00000000314018e-07
-3.54517836412188 -3.53592746438929 0
0 0

0101101
*
Ed
 1e-07 1 1 0
1  1 0 1.5707963267949 4.71238898038469
2  1 1 5 1.5707963267949 4.71238898038469
2  2 1 7 1.5707963267949 4.71238898038469
2  3 2 8 1.5707963267949 4.71238898038469
2  4 3 12 1.5707963267949 4.71238898038469
2  5 3 14 1.5707963267949 4.71238898038469
2  6 4 18 1.5707963267949 4.71238898038469
2  7 4 20 1.5707963267949 4.71238898038469
2  8 5 21 1.5707963267949 4.71238898038469
2  9 6 25 1.5707963267949 4.71238898038469
2  10 6 27 1.5707963267949 4.71238898038469
2  11 7 28 1.5707963267949 4.71238898038469
2  12 8 32 1.5707963267949 4.71238898038469
2  13 8 34 1.5707963267949 4.71238898038469
2  14 9 38 1.5707963267949 4.71238898038469
2  15 9 40 1.5707963267949 4.71238898038469
2  16 10 41 1.5707963267949 4.71238898038469
0

0101000
+9 0 -8 0 *
Ve
1.00000000248253e-07
1.06873669150813 -3.53592746438929 0
0 0

0101101
*
Ed
 1e-07 1 1 0
1  2 0 0 4.61391505563001
2  17 11 5 0 4.61391505563001
2  18 11 7 0 4.61391505563001
2  19 2 8 0 4.61391505563001
2  20 12 18 0 4.61391505563001
2  21 12 20 0 4.61391505563001
2  22 5 21 0 4.61391505563001
2  23 13 25 0 4.61391505563001
2  24 13 27 0 4.61391505563001
2  25 7 28 0 4.61391505563001
2  26 14 38 0 4.61391505563001
2  27 14 40 0 4.61391505563001
2  28 10 41 0 4.61391505563001
0

0101000
+8 0 -6 0 *
Ve
1.00000000222045e-07
1.06873669150813 -0.719773569260133 0
0 0

0101101
*
Ed
 1e-07 1 1 0
1  3 0 4.71238898038469 7.85398163397448
2  29 15 5 4.71238898038469 7.85398163397448
2  30 15 7 4.71238898038469 7.85398163397448
2  31 2 8 4.71238898038469 7.85398163397448
2  32 16 12 4.71238898038469 7.85398163397448
2  33 16 14 4.71238898038469 7.85398163397448
2  34 17 18 4.71238898038469 7.85398163397448
2  35 17 20 4.71238898038469 7.85398163397448
2  36 5 21 4.71238898038469 7.85398163397448
2  37 18 25 4.71238898038469 7.85398163397448
2  38 18 27 4.71238898038469 7.85398163397448
2  39 7 28 4.71238898038469 7.85398163397448
2  40 19 32 4.71238898038469 7.85398163397448
2  41 19 34 4.71238898038469 7.85398163397448
2  42 20 38 4.71238898038469 7.85398163397448
2  43 20 40 4.71238898038469 7.85398163397448
2  44 10 41 4.71238898038469 7.85398163397448
0

0101000
+6 0 -4 0 *
Ed
 1e-07 1 1 0
1  4 0 0 4.61391505563001
2  45 21 5 0 4.61391505563001
2  46 21 7 0 4.61391505563001
2  47 2 8 0 4.61391505563001
2  48 22 18 0 4.61391505563001
2  49 22 20 0 4.61391505563001
2  50 5 21 0 4.61391505563001
2  51 23 25 0 4.61391505563001
2  52 23 27 0 4.61391505563001
2  53 7 28 0 4.61391505563001
2  54 24 38 0 4.61391505563001
2  55 24 40 0 4.61391505563001
2  56 10 41 0 4.61391505563001
0

0101000
+4 0 -9 0 *
Wi

0101100
+7 0 +5 0 +3 0 +2 0 *

+1 1 ]]>
      </Part>
      <ElementMap new="1" count="1"><Element key="Dummy" value="Dummy"/></ElementMap>
      <ElementMap2 count="12">
<![CDATA[
100 PostfixCount 3
Edge
Vertex
;SKT

MapCount 1

ElementMap 1 100 2

Edge

ChildCount 0

NameCount 5
0
;g1.3 0
;g3.3 0
;g2.3 0
;g4.3 0

Vertex

ChildCount 0

NameCount 5
0
;g1v1.3 ;g4v2.3 0
;g1v2.3 ;g3v1.3 0
;g3v2.3 ;g2v1.3 0
;g2v2.3 ;g4v1.3 0

EndMap
]]>
      </ElementMap2>
    </Property>
    <Property name="Support" type="App::PropertyLinkSubList" status="67108864">
      <LinkSubList count="2">
        <Link obj="Sketch078" sub="Edge1" shadow=";g1;SKT.Edge1"/>
        <Link obj="Sketch078" sub="Vertex2" shadow=";g1v2;SKT.Vertex2"/>
      </LinkSubList>
    </Property>
    <Property name="TreeRank" type="App::PropertyInteger" status="2184">
      <Integer value="2048"/>
    </Property>
    <Property name="Visibility" type="App::PropertyBool" status="648">
      <Bool value="false"/>
    </Property>
  </Properties>
</Object>
</Document>
