<?xml version='1.0' encoding='utf-8'?>
<!-- FreeCAD DocumentObject -->
<Document SchemaVersion="4" FileVersion="2">
<Object name="Sketch087" Extensions="True">
  <Extensions Count="1">
    <Extension type="Part::AttachExtension" name="AttachExtension">
    </Extension>
  </Extensions>
  <Properties Count="27" TransientCount="1">
    <_Property name="_ElementMapVersion" type="App::PropertyString" status="234881024"/>
    <Property name="ArcFitTolerance" type="App::PropertyPrecision">
      <Float value="1e-06"/>
    </Property>
    <Property name="AttacherType" type="App::PropertyString" status="8">
      <String value="Attacher::AttachEnginePlane"/>
    </Property>
    <Property name="AttachmentOffset" type="App::PropertyPlacement">
      <PropertyPlacement Px="0" Py="0" Pz="0" Q0="0" Q1="0" Q2="0" Q3="1" A="0" Ox="0" Oy="0" Oz="1"/>
    </Property>
    <Property name="AttachmentSupport" type="App::PropertyLinkSubList">
      <LinkSubList count="1">
        <Link obj="Pad026" sub="Face77" shadow=";#19538;:M;FUS;:H57f:7,F.Face77"/>
      </LinkSubList>
    </Property>
    <Property name="ColoredElements" type="App::PropertyLinkSubHidden" status="218103808">
      <LinkSub value="" count="0">
      </LinkSub>
    </Property>
    <Property name="Constraints" type="Sketcher::PropertyConstraintList">
      <ConstraintList count="9">
        <Constrain Name="" Type="1" Value="0" First="0" FirstPos="2" Second="1" SecondPos="1" Third="-2000" ThirdPos="0" LabelDistance="10" LabelPosition="0" IsDriving="1" IsInVirtualSpace="0" IsActive="1" />
        <Constrain Name="" Type="1" Value="0" First="1" FirstPos="2" Second="2" SecondPos="1" Third="-2000" ThirdPos="0" LabelDistance="10" LabelPosition="0" IsDriving="1" IsInVirtualSpace="0" IsActive="1" />
        <Constrain Name="" Type="1" Value="0" First="2" FirstPos="2" Second="3" SecondPos="1" Third="-2000" ThirdPos="0" LabelDistance="10" LabelPosition="0" IsDriving="1" IsInVirtualSpace="0" IsActive="1" />
        <Constrain Name="" Type="1" Value="0" First="3" FirstPos="2" Second="0" SecondPos="1" Third="-2000" ThirdPos="0" LabelDistance="10" LabelPosition="0" IsDriving="1" IsInVirtualSpace="0" IsActive="1" />
        <Constrain Name="" Type="2" Value="0" First="0" FirstPos="0" Second="-2000" SecondPos="0" Third="-2000" ThirdPos="0" LabelDistance="10" LabelPosition="0" IsDriving="1" IsInVirtualSpace="0" IsActive="1" />
        <Constrain Name="" Type="2" Value="0" First="2" FirstPos="0" Second="-2000" SecondPos="0" Third="-2000" ThirdPos="0" LabelDistance="10" LabelPosition="0" IsDriving="1" IsInVirtualSpace="0" IsActive="1" />
        <Constrain Name="" Type="3" Value="0" First="1" FirstPos="0" Second="-2000" SecondPos="0" Third="-2000" ThirdPos="0" LabelDistance="10" LabelPosition="0" IsDriving="1" IsInVirtualSpace="0" IsActive="1" />
        <Constrain Name="" Type="3" Value="0" First="3" FirstPos="0" Second="-2000" SecondPos="0" Third="-2000" ThirdPos="0" LabelDistance="10" LabelPosition="0" IsDriving="1" IsInVirtualSpace="0" IsActive="1" />
        <Constrain Name="" Type="13" Value="0" First="-3" FirstPos="2" Second="1" SecondPos="0" Third="-2000" ThirdPos="0" LabelDistance="10" LabelPosition="0" IsDriving="1" IsInVirtualSpace="0" IsActive="1" />
      </ConstraintList>
    </Property>
    <Property name="Exports" type="App::PropertyLinkListHidden" status="67108864">
      <LinkList count="0">
      </LinkList>
    </Property>
    <Property name="ExpressionEngine" type="App::PropertyExpressionEngine" status="67108864">
      <ExpressionEngine count="0"></ExpressionEngine>
    </Property>
    <Property name="ExternalBSplineMaxDegree" type="App::PropertyInteger">
      <Integer value="5"/>
    </Property>
    <Property name="ExternalBSplineTolerance" type="App::PropertyPrecision">
      <Float value="0.0001"/>
    </Property>
    <Property name="ExternalGeo" type="Part::PropertyGeometryList" status="67108864">
      <GeometryList count="3">
        <Geometry type="Part::GeomLineSegment" id="-1" migrated="1">
          <GeoExtensions count="2">
            <GeoExtension type="Sketcher::SketchGeometryExtension" id="-1" internalGeometryType="0" geometryModeFlags="00000000000000000000000000000010"/>
            <GeoExtension type="Sketcher::ExternalGeometryExtension" Ref="" Flags="0"/>
          </GeoExtensions>
          <LineSegment StartX="0" StartY="0" StartZ="0" EndX="1" EndY="0" EndZ="0"/>
          <Construction value="1"/>
        </Geometry>
        <Geometry type="Part::GeomLineSegment" id="-2" migrated="1">
          <GeoExtensions count="2">
            <GeoExtension type="Sketcher::SketchGeometryExtension" id="-2" internalGeometryType="0" geometryModeFlags="00000000000000000000000000000010"/>
            <GeoExtension type="Sketcher::ExternalGeometryExtension" Ref="" Flags="0"/>
          </GeoExtensions>
          <LineSegment StartX="0" StartY="0" StartZ="0" EndX="0" EndY="1" EndZ="0"/>
          <Construction value="1"/>
        </Geometry>
        <Geometry type="Part::GeomLineSegment" id="1" ref="Pad026.;#19330;:M;FUS;:H-581:7,E" migrated="1">
          <GeoExtensions count="2">
            <GeoExtension type="Sketcher::SketchGeometryExtension" id="1" internalGeometryType="0" geometryModeFlags="00000000000000000000000000000010"/>
            <GeoExtension type="Sketcher::ExternalGeometryExtension" Ref="Pad026.;#19330;:M;FUS;:H-581:7,E" Flags="0"/>
          </GeoExtensions>
          <LineSegment StartX="-20.14817696596245" StartY="-14.74876946597361" StartZ="8.881784197001252e-16" EndX="-20.14795933800956" EndY="-18.23142568206753" EndZ="1.77635683940025e-15"/>
          <Construction value="1"/>
        </Geometry>
      </GeometryList>
    </Property>
    <Property name="ExternalGeometry" type="App::PropertyLinkSubList" status="16777216">
      <LinkSubList count="1">
        <Link obj="Pad026" sub="Edge266" shadow=";#19330;:M;FUS;:H-581:7,E.Edge266"/>
      </LinkSubList>
    </Property>
    <Property name="FullyConstrained" type="App::PropertyBool" status="218103808">
      <Bool value="false"/>
    </Property>
    <Property name="Geometry" type="Part::PropertyGeometryList" status="8192">
      <GeometryList count="4">
        <Geometry type="Part::GeomLineSegment" id="2" migrated="1">
          <GeoExtensions count="1">
            <GeoExtension type="Sketcher::SketchGeometryExtension" id="2" internalGeometryType="0" geometryModeFlags="00000000000000000000000000000000"/>
          </GeoExtensions>
          <LineSegment StartX="-22.846192" StartY="-7.313879" StartZ="0" EndX="-20.14795933800957" EndY="-7.313879" EndZ="0"/>
          <Construction value="0"/>
        </Geometry>
        <Geometry type="Part::GeomLineSegment" id="3" migrated="1">
          <GeoExtensions count="1">
            <GeoExtension type="Sketcher::SketchGeometryExtension" id="3" internalGeometryType="0" geometryModeFlags="00000000000000000000000000000000"/>
          </GeoExtensions>
          <LineSegment StartX="-20.14795933800957" StartY="-7.313879" StartZ="0" EndX="-20.14795933800957" EndY="-20.622079" EndZ="0"/>
          <Construction value="0"/>
        </Geometry>
        <Geometry type="Part::GeomLineSegment" id="4" migrated="1">
          <GeoExtensions count="1">
            <GeoExtension type="Sketcher::SketchGeometryExtension" id="4" internalGeometryType="0" geometryModeFlags="00000000000000000000000000000000"/>
          </GeoExtensions>
          <LineSegment StartX="-20.14795933800957" StartY="-20.622079" StartZ="0" EndX="-22.846192" EndY="-20.622079" EndZ="0"/>
          <Construction value="0"/>
        </Geometry>
        <Geometry type="Part::GeomLineSegment" id="5" migrated="1">
          <GeoExtensions count="1">
            <GeoExtension type="Sketcher::SketchGeometryExtension" id="5" internalGeometryType="0" geometryModeFlags="00000000000000000000000000000000"/>
          </GeoExtensions>
          <LineSegment StartX="-22.846192" StartY="-20.622079" StartZ="0" EndX="-22.846192" EndY="-7.313879" EndZ="0"/>
          <Construction value="0"/>
        </Geometry>
      </GeometryList>
    </Property>
    <Property name="InternalShape" type="Part::PropertyPartShape">
      <Part ElementMap="0.15.70200.4" brep="1">
<![CDATA[

CASCADE Topology V1, (c) Matra-Datavision
Locations 0
Curve2ds 0
Curves 0
Polygon3D 0
PolygonOnTriangulations 0
Surfaces 0
Triangulations 0

TShapes 0

*]]>
      </Part>
      <ElementMap/>
    </Property>
    <Property name="InternalTolerance" type="App::PropertyPrecision">
      <Float value="1e-06"/>
    </Property>
    <Property name="Label" type="App::PropertyString" status="134217728">
      <String value="Sketch087"/>
    </Property>
    <Property name="Label2" type="App::PropertyString" status="128">
      <String value=""/>
    </Property>
    <Property name="MakeInternals" type="App::PropertyBool">
      <Bool value="false"/>
    </Property>
    <Property name="MapMode" type="App::PropertyEnumeration">
      <Integer value="5"/>
    </Property>
    <Property name="MapPathParameter" type="App::PropertyFloat" status="8">
      <Float value="0"/>
    </Property>
    <Property name="MapReversed" type="App::PropertyBool">
      <Bool value="false"/>
    </Property>
    <Property name="Placement" type="App::PropertyPlacement" status="8388612">
      <PropertyPlacement Px="7.880881833629446" Py="-0.01721383355793406" Pz="0.2255562886989389" Q0="-0.5065635323293025" Q1="0.5076394802548355" Q2="0.4933491539610256" Q3="-0.4922419710737806" A="4.170919661444534" Ox="-0.5819503000412719" Oy="0.5831863705006149" Oz="0.5667693583321114"/>
    </Property>
    <Property name="Shape" type="Part::PropertyPartShape">
      <Part ElementMap="0.15.70200.4" brep="1">
<![CDATA[

CASCADE Topology V1, (c) Matra-Datavision
Locations 6
1
-0.00218245925491867 -0.0286089765886868 -0.99958829691536 7.88088183362945 
-0.999997616482116 1.32110335912467e-16 0.00218335294613078 -0.0172138335579341 
-6.24634933205637e-05 0.999590679457621 -0.0286089083986794 0.225556288698939 
1
-0.00218245925491867 -0.0286089765886868 -0.999588296915359 7.88088183362945 
-0.999997616482116 1.32110335912467e-16 0.00218335294613078 -0.0172138335579341 
-6.24634933205637e-05 0.999590679457621 -0.0286089083986794 0.225556288698939 
1
              1               0               0               0 
              0               1               0               0 
              0               0               1               0 
2  2 -1 3 -1 0
1
              1               0               0 19.9917659383072 
              0               1               0 -0.0436670589226107 
              0               0               1 0.572178167973589 
2  5 -1 2 -1 3 -1 0
Curve2ds 8
1 6.6540999999999997 -1.3491163309952163 1.321913498802951e-16 1 
1 -0 0 1 2.6639186191147741e-19 
1 -7.3050289775555832e-15 -19.999999999999993 1 2.6639186191147741e-19 
1 0 0 1 3.4694469519536142e-18 
1 -1.5543122344752192e-15 -20 1 3.4694469519536142e-18 
1 6.6541000000000006 1.3491163309952128 -1 1.3219134988029513e-16 
1 -6.6541000000000006 1.3491163309952163 -1.321913498802951e-16 -1 
1 -6.6540999999999988 -1.3491163309952128 1 -1.3219134988029513e-16 
Curves 4
1 -22.846191999999999 -7.313879 0 1 0 0 
1 -20.147959338009567 -7.313879 0 0 -1 0 
1 -20.147959338009567 -20.622078999999999 0 -1 0 0 
1 -22.846191999999999 -20.622078999999999 0 0 1 0 
Polygon3D 0
PolygonOnTriangulations 0
Surfaces 3
1 8.3274079095792217 21.479810596782531 -13.735362548118378 0.99958829691535933 -0.0021833529461309552 0.028608908398679453 -0.028608976588686802 0 0.99959067945762081 -0.0021824592549188403 -0.99999761648211583 -6.2463493320700874e-05 
1 8.1399853098829826 22.828923712134845 -7.0839019374204932 0.028608976588686812 -1.3221845493460727e-16 -0.99959067945762092 -0.0021824592549186668 -0.99999761648211583 -6.2463493320563654e-05 -0.99958829691535933 0.0021833529461307783 -0.02860890839867946 
1 8.1340965270378973 20.130697481430222 -7.0840704784583526 0.0021824592549184231 0.99999761648211583 6.2463493320556688e-05 0.028608976588686767 -1.3211003471735869e-16 -0.99959067945762081 -0.99958829691535944 0.002183352946130535 -0.028608908398679422 
Triangulations 0

TShapes 9
Ve
1e-07
-22.846192 -7.313879 0
0 0

0101101
*
Ve
1e-07
-20.1479593380096 -7.313879 0
0 0

0101101
*
Ed
 1e-07 1 1 0
1  1 0 0 2.69823266199043
2  1 1 4 0 2.69823266199043
2  2 2 4 0 2.69823266199043
2  3 2 6 0 2.69823266199043
0

0101000
+9 0 -8 0 *
Ve
1e-07
-20.1479593380096 -20.622079 0
0 0

0101101
*
Ed
 1e-07 1 1 0
1  2 0 0 13.3082
2  4 3 4 0 13.3082
2  5 3 6 0 13.3082
2  6 1 4 0 13.3082
0

0101000
+8 0 -6 0 *
Ve
1e-07
-22.846192 -20.622079 0
0 0

0101101
*
Ed
 1e-07 1 1 0
1  3 0 0 2.69823266199043
2  7 1 4 0 2.69823266199043
0

0101000
+6 0 -4 0 *
Ed
 1e-07 1 1 0
1  4 0 0 13.3082
2  8 1 4 0 13.3082
0

0101000
+4 0 -9 0 *
Wi

0101100
+7 0 +5 0 +3 0 +2 0 *

+1 1 ]]>
      </Part>
      <ElementMap new="1" count="1"><Element key="Dummy" value="Dummy"/></ElementMap>
      <ElementMap2 count="12">
<![CDATA[
125 PostfixCount 3
Edge
Vertex
;SKT

MapCount 1

ElementMap 1 125 2

Edge

ChildCount 0

NameCount 5
0
;g2.3 0
;g3.3 0
;g4.3 0
;g5.3 0

Vertex

ChildCount 0

NameCount 5
0
;g2v1.3 ;g5v2.3 0
;g2v2.3 ;g3v1.3 0
;g3v2.3 ;g4v1.3 0
;g4v2.3 ;g5v1.3 0

EndMap
]]>
      </ElementMap2>
    </Property>
    <Property name="Support" type="App::PropertyLinkSubList" status="67108864">
      <LinkSubList count="1">
        <Link obj="Pad026" sub="Face77" shadow=";#19538;:M;FUS;:H57f:7,F.Face77"/>
      </LinkSubList>
    </Property>
    <Property name="TreeRank" type="App::PropertyInteger" status="2184">
      <Integer value="2064"/>
    </Property>
    <Property name="Visibility" type="App::PropertyBool" status="648">
      <Bool value="false"/>
    </Property>
  </Properties>
</Object>
</Document>
