<?xml version='1.0' encoding='utf-8'?>
<!-- FreeCAD DocumentObject -->
<Document SchemaVersion="4" FileVersion="2">
<Object name="Sketch083" Extensions="True">
  <Extensions Count="1">
    <Extension type="Part::AttachExtension" name="AttachExtension">
    </Extension>
  </Extensions>
  <Properties Count="27" TransientCount="1">
    <_Property name="_ElementMapVersion" type="App::PropertyString" status="234881024"/>
    <Property name="ArcFitTolerance" type="App::PropertyPrecision">
      <Float value="1e-06"/>
    </Property>
    <Property name="AttacherType" type="App::PropertyString" status="8">
      <String value="Attacher::AttachEnginePlane"/>
    </Property>
    <Property name="AttachmentOffset" type="App::PropertyPlacement">
      <PropertyPlacement Px="0" Py="0" Pz="0" Q0="0" Q1="0" Q2="0" Q3="1" A="0" Ox="0" Oy="0" Oz="1"/>
    </Property>
    <Property name="AttachmentSupport" type="App::PropertyLinkSubList">
      <LinkSubList count="1">
        <Link obj="Pocket027" sub="Face50" shadow=";#18c3f;:H576,F.Face50"/>
      </LinkSubList>
    </Property>
    <Property name="ColoredElements" type="App::PropertyLinkSubHidden" status="218103808">
      <LinkSub value="" count="0">
      </LinkSub>
    </Property>
    <Property name="Constraints" type="Sketcher::PropertyConstraintList">
      <ConstraintList count="8">
        <Constrain Name="" Type="5" Value="-1.570796326794897" First="0" FirstPos="2" Second="2" SecondPos="1" Third="-2000" ThirdPos="0" LabelDistance="10" LabelPosition="0" IsDriving="1" IsInVirtualSpace="0" IsActive="1" />
        <Constrain Name="" Type="5" Value="-1.570796326794897" First="2" FirstPos="2" Second="1" SecondPos="1" Third="-2000" ThirdPos="0" LabelDistance="10" LabelPosition="0" IsDriving="1" IsInVirtualSpace="0" IsActive="1" />
        <Constrain Name="" Type="5" Value="-1.570796326794897" First="1" FirstPos="2" Second="3" SecondPos="1" Third="-2000" ThirdPos="0" LabelDistance="10" LabelPosition="0" IsDriving="1" IsInVirtualSpace="0" IsActive="1" />
        <Constrain Name="" Type="5" Value="-1.570796326794897" First="3" FirstPos="2" Second="0" SecondPos="1" Third="-2000" ThirdPos="0" LabelDistance="10" LabelPosition="0" IsDriving="1" IsInVirtualSpace="0" IsActive="1" />
        <Constrain Name="" Type="12" Value="0" First="0" FirstPos="0" Second="1" SecondPos="0" Third="-2000" ThirdPos="0" LabelDistance="10" LabelPosition="0" IsDriving="1" IsInVirtualSpace="0" IsActive="1" />
        <Constrain Name="" Type="1" Value="0" First="0" FirstPos="3" Second="-3" SecondPos="3" Third="-2000" ThirdPos="0" LabelDistance="10" LabelPosition="0" IsDriving="1" IsInVirtualSpace="0" IsActive="1" />
        <Constrain Name="" Type="1" Value="0" First="1" FirstPos="3" Second="-4" SecondPos="3" Third="-2000" ThirdPos="0" LabelDistance="10" LabelPosition="0" IsDriving="1" IsInVirtualSpace="0" IsActive="1" />
        <Constrain Name="" Type="6" Value="0.5" First="1" FirstPos="1" Second="-4" SecondPos="1" Third="-2000" ThirdPos="0" LabelDistance="1.310163140296936" LabelPosition="0" IsDriving="1" IsInVirtualSpace="0" IsActive="1" />
      </ConstraintList>
    </Property>
    <Property name="Exports" type="App::PropertyLinkListHidden" status="67108864">
      <LinkList count="0">
      </LinkList>
    </Property>
    <Property name="ExpressionEngine" type="App::PropertyExpressionEngine" status="67108864">
      <ExpressionEngine count="0"></ExpressionEngine>
    </Property>
    <Property name="ExternalBSplineMaxDegree" type="App::PropertyInteger">
      <Integer value="5"/>
    </Property>
    <Property name="ExternalBSplineTolerance" type="App::PropertyPrecision">
      <Float value="0.0001"/>
    </Property>
    <Property name="ExternalGeo" type="Part::PropertyGeometryList" status="67108864">
      <GeometryList count="4">
        <Geometry type="Part::GeomLineSegment" id="-1" migrated="1">
          <GeoExtensions count="2">
            <GeoExtension type="Sketcher::SketchGeometryExtension" id="-1" internalGeometryType="0" geometryModeFlags="00000000000000000000000000000010"/>
            <GeoExtension type="Sketcher::ExternalGeometryExtension" Ref="" Flags="0"/>
          </GeoExtensions>
          <LineSegment StartX="0" StartY="0" StartZ="0" EndX="1" EndY="0" EndZ="0"/>
          <Construction value="1"/>
        </Geometry>
        <Geometry type="Part::GeomLineSegment" id="-2" migrated="1">
          <GeoExtensions count="2">
            <GeoExtension type="Sketcher::SketchGeometryExtension" id="-2" internalGeometryType="0" geometryModeFlags="00000000000000000000000000000010"/>
            <GeoExtension type="Sketcher::ExternalGeometryExtension" Ref="" Flags="0"/>
          </GeoExtensions>
          <LineSegment StartX="0" StartY="0" StartZ="0" EndX="0" EndY="1" EndZ="0"/>
          <Construction value="1"/>
        </Geometry>
        <Geometry type="Part::GeomArcOfCircle" id="1" ref="Pocket027.;#18bd6;:H576,E" migrated="1">
          <GeoExtensions count="2">
            <GeoExtension type="Sketcher::SketchGeometryExtension" id="1" internalGeometryType="0" geometryModeFlags="00000000000000000000000000000010"/>
            <GeoExtension type="Sketcher::ExternalGeometryExtension" Ref="Pocket027.;#18bd6;:H576,E" Flags="0"/>
          </GeoExtensions>
          <ArcOfCircle CenterX="19.46348500249283" CenterY="2.030138522859582" CenterZ="8.881784197001252e-16" NormalX="5.546829291074818e-16" NormalY="-2.911200892543328e-17" NormalZ="1" AngleXU="1.553085252434305" Radius="1.280740992920866" StartAngle="4.712388980384689" EndAngle="7.853981633974483"/>
          <Construction value="1"/>
        </Geometry>
        <Geometry type="Part::GeomArcOfCircle" id="2" ref="Pocket027.;#18bd3;:H576,E" migrated="1">
          <GeoExtensions count="2">
            <GeoExtension type="Sketcher::SketchGeometryExtension" id="2" internalGeometryType="0" geometryModeFlags="00000000000000000000000000000010"/>
            <GeoExtension type="Sketcher::ExternalGeometryExtension" Ref="Pocket027.;#18bd3;:H576,E" Flags="0"/>
          </GeoExtensions>
          <ArcOfCircle CenterX="19.3871676949897" CenterY="-2.278427179600375" CenterZ="2.664535259100376e-15" NormalX="5.546829291074818e-16" NormalY="-2.911200892543328e-17" NormalZ="1" AngleXU="1.553085252434305" Radius="1.280740992920866" StartAngle="1.570796326794896" EndAngle="4.71238898038469"/>
          <Construction value="1"/>
        </Geometry>
      </GeometryList>
    </Property>
    <Property name="ExternalGeometry" type="App::PropertyLinkSubList" status="16777216">
      <LinkSubList count="2">
        <Link obj="Pocket027" sub="Edge132" shadow=";#18bd6;:H576,E.Edge132"/>
        <Link obj="Pocket027" sub="Edge129" shadow=";#18bd3;:H576,E.Edge129"/>
      </LinkSubList>
    </Property>
    <Property name="FullyConstrained" type="App::PropertyBool" status="218103808">
      <Bool value="true"/>
    </Property>
    <Property name="Geometry" type="Part::PropertyGeometryList" status="8192">
      <GeometryList count="4">
        <Geometry type="Part::GeomArcOfCircle" id="3" migrated="1">
          <GeoExtensions count="1">
            <GeoExtension type="Sketcher::SketchGeometryExtension" id="3" internalGeometryType="0" geometryModeFlags="00000000000000000000000000000000"/>
          </GeoExtensions>
          <ArcOfCircle CenterX="19.46348500249283" CenterY="2.030138522859582" CenterZ="0" NormalX="0" NormalY="0" NormalZ="1" AngleXU="-0" Radius="0.7807409929208664" StartAngle="6.265474232818995" EndAngle="9.407066886408789"/>
          <Construction value="0"/>
        </Geometry>
        <Geometry type="Part::GeomArcOfCircle" id="4" migrated="1">
          <GeoExtensions count="1">
            <GeoExtension type="Sketcher::SketchGeometryExtension" id="4" internalGeometryType="0" geometryModeFlags="00000000000000000000000000000000"/>
          </GeoExtensions>
          <ArcOfCircle CenterX="19.3871676949897" CenterY="-2.278427179600375" CenterZ="0" NormalX="0" NormalY="0" NormalZ="1" AngleXU="-0" Radius="0.7807409929208664" StartAngle="3.123881579229202" EndAngle="6.265474232818995"/>
          <Construction value="0"/>
        </Geometry>
        <Geometry type="Part::GeomLineSegment" id="5" migrated="1">
          <GeoExtensions count="1">
            <GeoExtension type="Sketcher::SketchGeometryExtension" id="5" internalGeometryType="0" geometryModeFlags="00000000000000000000000000000000"/>
          </GeoExtensions>
          <LineSegment StartX="18.68286645862966" StartY="2.043965561732551" StartZ="0" EndX="18.60654915112652" EndY="-2.264600140727406" EndZ="0"/>
          <Construction value="0"/>
        </Geometry>
        <Geometry type="Part::GeomLineSegment" id="6" migrated="1">
          <GeoExtensions count="1">
            <GeoExtension type="Sketcher::SketchGeometryExtension" id="6" internalGeometryType="0" geometryModeFlags="00000000000000000000000000000000"/>
          </GeoExtensions>
          <LineSegment StartX="20.16778623885288" StartY="-2.292254218473344" StartZ="0" EndX="20.24410354635601" EndY="2.016311483986613" EndZ="0"/>
          <Construction value="0"/>
        </Geometry>
      </GeometryList>
    </Property>
    <Property name="InternalShape" type="Part::PropertyPartShape">
      <Part ElementMap="0.15.70200.4" brep="1">
<![CDATA[

CASCADE Topology V1, (c) Matra-Datavision
Locations 0
Curve2ds 0
Curves 0
Polygon3D 0
PolygonOnTriangulations 0
Surfaces 0
Triangulations 0

TShapes 0

*]]>
      </Part>
      <ElementMap/>
    </Property>
    <Property name="InternalTolerance" type="App::PropertyPrecision">
      <Float value="1e-06"/>
    </Property>
    <Property name="Label" type="App::PropertyString" status="134217728">
      <String value="Sketch083"/>
    </Property>
    <Property name="Label2" type="App::PropertyString" status="128">
      <String value=""/>
    </Property>
    <Property name="MakeInternals" type="App::PropertyBool">
      <Bool value="false"/>
    </Property>
    <Property name="MapMode" type="App::PropertyEnumeration">
      <Integer value="5"/>
    </Property>
    <Property name="MapPathParameter" type="App::PropertyFloat" status="8">
      <Float value="0"/>
    </Property>
    <Property name="MapReversed" type="App::PropertyBool">
      <Bool value="false"/>
    </Property>
    <Property name="Placement" type="App::PropertyPlacement" status="8388612">
      <PropertyPlacement Px="-3.651910969224505" Py="-0.04811399728932958" Pz="-4.064309845764569" Q0="0.9337556389336886" Q1="-0.002118143025187625" Q2="-0.3578622288884679" Q3="0.005526786104194926" A="3.130539025108064" Ox="0.9337699002136401" Oy="-0.002118175375654278" Oz="-0.3578676945298171"/>
    </Property>
    <Property name="Shape" type="Part::PropertyPartShape">
      <Part ElementMap="0.15.70200.4" brep="1">
<![CDATA[

CASCADE Topology V1, (c) Matra-Datavision
Locations 8
1
0.743860277210205 4.75983883767677e-18 -0.668335161418847 -3.6519109692245 
-0.00791131197534803 -0.999929936210967 -0.00880532861174832 -0.0481139972893296 
-0.668288335325094 0.0118373421481411 -0.743808159540673 -4.06430984576457 
1
0.743860277210205 4.75983883767677e-18 -0.668335161418847 -3.6519109692245 
-0.00791131197534803 -0.999929936210967 -0.00880532861174832 -0.0481139972893296 
-0.668288335325094 0.0118373421481411 -0.743808159540673 -4.06430984576457 
1
              1               0               0               0 
              0               1               0               0 
              0               0               1               0 
2  2 -1 3 -1 0
1
              1               0               0 3.34167580709424 
              0               1               0 0.0440266430587416 
              0               0               1 3.71904079770336 
2  5 -1 2 -1 3 -1 0
1
              1               0               0 -1.33667032283769 
              0               1               0 -0.0176106572234966 
              0               0               1 -1.48761631908135 
2  7 1 2 -1 3 -1 0
Curve2ds 16
1 0 0 1 0 
1 0 -5.0000000000000009 1 0 
2 0.021113595017098478 -2.154517324614762 0.99996870265508808 -0.0079116186902712521 -0.0079116186902712521 -0.99996870265508808 0.78074099292086552
2 0.021113595017093454 -2.1545173246147615 0.99996870265508808 -0.0079116186902712556 -0.0079116186902712556 -0.99996870265508808 0.78074099292086663
1 0 -0 1 1.0610911135855742e-18 
1 -9.4958104073942886e-17 -5 1 1.0610911135855742e-18 
1 -0.75958991181744429 -2.1621679744765259 -0.0097992162972538113 0.99995198652733308 
1 -0.75958991181744961 -2.1621679744765254 -0.0097992162972538079 0.99995198652733308 
1 0 0 1 0 
1 0 -5.0000000000000009 1 0 
2 -0.021113595017098478 2.1545173246147615 0.99996870265508808 -0.0079116186902712521 -0.0079116186902712521 -0.99996870265508808 0.78074099292086785
2 -0.021113595017102301 2.154517324614762 0.99996870265508808 -0.0079116186902712556 -0.0079116186902712556 -0.99996870265508808 0.78074099292086552
1 0 -0 1 3.8443401130446422e-19 
1 1.0601525660670945e-16 -5 1 3.8443401130446422e-19 
1 0.75958991181744562 2.1621679744765254 0.0097992162972529839 -0.99995198652733319 
1 0.75958991181744184 2.1621679744765259 0.0097992162972529804 -0.99995198652733319 
Curves 4
2 19.463485002492835 2.0301385228595819 0 0 0 1 1 0 -0 -0 1 0 0.78074099292086641
1 18.682866458629658 2.0439655617325507 0 -0.017710148433785003 -0.99984316302230791 0 
2 19.387167694989699 -2.2784271796003748 0 0 0 1 1 0 -0 -0 1 0 0.78074099292086641
1 20.167786238852877 -2.2922542184733437 0 0.017710148433784177 0.99984316302230791 0 
Polygon3D 0
PolygonOnTriangulations 0
Surfaces 6
2 10.826202380206489 -2.2320919829339658 -17.047498393402229 -0.66833516141884719 -0.0088053286117483216 -0.74380815954067259 0.74386027721020531 -0.0079113119753480305 -0.66828833532509402 4.7598388376767734e-18 -0.99992993621096671 0.011837342148141142 0.78074099292086641
1 10.797817673448879 -0.077658183908806161 -17.047498393402229 0.66833516141884675 0.0088053286117486338 0.74380815954067292 0.7438369963585435 0 -0.66836107221194452 -0.0058851388721268298 0.99996123234255396 -0.0065497291865130479 
1 12.134487996286579 -0.060047526685309403 -15.559882074320884 0.66833516141884708 0.0088053286117483164 0.7438081595406727 0.74383699635854328 0 -0.66836107221194485 -0.0058851388721266207 0.99996123234255396 -0.0065497291865128093 
1 10.245531253773001 -2.2397423361979567 -16.525656450809972 -0.74374361241250242 -0.0097988364045931541 0.66839316408885985 -0.0131738759233892 0.99991322073125688 -2.1770779623508924e-16 -0.6683351614188473 -0.0088053286117483181 -0.74380815954067259 
2 10.769432966691271 2.0767756151163534 -17.047498393402229 -0.66833516141884719 -0.0088053286117483216 -0.74380815954067259 0.74386027721020531 -0.0079113119753480305 -0.66828833532509402 4.7598388376767734e-18 -0.99992993621096671 0.011837342148141142 0.78074099292086641
1 11.350104093124761 2.0844259683803443 -17.569340335994486 0.74374361241250242 0.0097988364045923267 -0.66839316408885985 0.013173875923388586 -0.99991322073125688 7.7108458507169056e-16 -0.6683351614188473 -0.0088053286117483216 -0.74380815954067259 
Triangulations 0

TShapes 9
Ve
1.00000005024296e-07
20.244103546356 2.01631148398661 0
0 0

0101101
*
Ve
1.00000005024296e-07
18.6828664586297 2.04396556173255 0
0 0

0101101
*
Ed
 1.00000005024296e-07 1 1 0
1  1 0 6.265474232819 9.40706688640879
2  1 1 4 6.265474232819 9.40706688640879
2  2 1 6 6.265474232819 9.40706688640879
2  3 2 4 6.265474232819 9.40706688640879
2  4 3 8 6.265474232819 9.40706688640879
0

0101000
+9 0 -8 0 *
Ve
1.00000005024296e-07
18.6065491511265 -2.26460014072741 0
0 0

0101101
*
Ed
 1.00000001776411e-07 1 1 0
1  2 0 0 4.30924155088094
2  5 4 4 0 4.30924155088094
2  6 4 6 0 4.30924155088094
2  7 2 4 0 4.30924155088094
2  8 3 8 0 4.30924155088094
0

0101000
+8 0 -6 0 *
Ve
1.00000003972443e-07
20.1677862388529 -2.29225421847334 0
0 0

0101101
*
Ed
 1.00000003972055e-07 1 1 0
1  3 0 3.1238815792292 6.265474232819
2  9 5 4 3.1238815792292 6.265474232819
2  10 5 6 3.1238815792292 6.265474232819
2  11 2 4 3.1238815792292 6.265474232819
2  12 3 8 3.1238815792292 6.265474232819
0

0101000
+6 0 -4 0 *
Ed
 1.00000003972443e-07 1 1 0
1  4 0 0 4.30924155088094
2  13 6 4 0 4.30924155088094
2  14 6 6 0 4.30924155088094
2  15 2 4 0 4.30924155088094
2  16 3 8 0 4.30924155088094
0

0101000
+4 0 -9 0 *
Wi

0101100
+7 0 +5 0 +3 0 +2 0 *

+1 1 ]]>
      </Part>
      <ElementMap new="1" count="1"><Element key="Dummy" value="Dummy"/></ElementMap>
      <ElementMap2 count="12">
<![CDATA[
112 PostfixCount 3
Edge
Vertex
;SKT

MapCount 1

ElementMap 1 112 2

Edge

ChildCount 0

NameCount 5
0
;g3.3 0
;g5.3 0
;g4.3 0
;g6.3 0

Vertex

ChildCount 0

NameCount 5
0
;g3v1.3 ;g6v2.3 0
;g3v2.3 ;g5v1.3 0
;g5v2.3 ;g4v1.3 0
;g4v2.3 ;g6v1.3 0

EndMap
]]>
      </ElementMap2>
    </Property>
    <Property name="Support" type="App::PropertyLinkSubList" status="67108864">
      <LinkSubList count="1">
        <Link obj="Pocket027" sub="Face50" shadow=";#18c3f;:H576,F.Face50"/>
      </LinkSubList>
    </Property>
    <Property name="TreeRank" type="App::PropertyInteger" status="2184">
      <Integer value="2056"/>
    </Property>
    <Property name="Visibility" type="App::PropertyBool" status="649">
      <Bool value="false"/>
    </Property>
  </Properties>
</Object>
</Document>
