<?xml version='1.0' encoding='utf-8'?>
<!-- FreeCAD DocumentObject -->
<Document SchemaVersion="4" FileVersion="2">
<Object name="Solid024">
  <Properties Count="8" TransientCount="1">
    <_Property name="_ElementMapVersion" type="App::PropertyString" status="234881024"/>
    <Property name="ColoredElements" type="App::PropertyLinkSubHidden" status="218103808">
      <LinkSub value="" count="0">
      </LinkSub>
    </Property>
    <Property name="ExpressionEngine" type="App::PropertyExpressionEngine" status="67108864">
      <ExpressionEngine count="0"></ExpressionEngine>
    </Property>
    <Property name="Label" type="App::PropertyString" status="134217728">
      <String value="MicronMGN9 Rail Guide v1:1"/>
    </Property>
    <Property name="Label2" type="App::PropertyString" status="128">
      <String value=""/>
    </Property>
    <Property name="Placement" type="App::PropertyPlacement" status="8388608">
      <PropertyPlacement Px="-194.415099302404" Py="83.9000615613723" Pz="188.480139916577" Q0="1.838477631085024e-15" Q1="1.697056274847714e-15" Q2="0.7071067811865477" Q3="0.7071067811865474" A="1.570796326794897" Ox="2.6e-15" Oy="2.4e-15" Oz="1"/>
    </Property>
    <Property name="Shape" type="Part::PropertyPartShape">
      <Part ElementMap="0.15.70200.4" brep="1">
<![CDATA[

CASCADE Topology V1, (c) Matra-Datavision
Locations 1
1
-2.22044604925031e-16              -1 5.03520156388104e-15 -194.415099302404 
              1 -2.22044604925032e-16 -2.31577494977908e-16 83.9000615613723 
2.31577494977909e-16 5.03520156388104e-15               1 188.480139916577 
Curve2ds 72
1 7.0685834705770345 0.2828427124746199 0 -1 
1 12.566370614359172 0.2828427124746199 -1 0 
1 -8.8817841970012523e-16 9.5999999999999996 1 0 
1 5.497787143782138 0.2828427124746199 -1.0990647210786423e-14 -1 
1 -5.3290705182007514e-15 -0.28284271247461668 1 -2.8271597168564481e-16 
1 0.78539816339744961 0.28284271247461951 8.8317700800962382e-15 -1 
1 6.2831853071795862 0.28284271247461795 -1 2.827159716856457e-16 
1 0 9.5999999999999996 1 0 
1 -0.78539816339744828 0.28284271247461995 0 -1 
1 -6.2831853071795871 -0.28284271247461867 1 0 
1 0.78539816339744772 0.28284271247461973 1.7663540160192407e-15 -1 
1 6.2831853071795862 0.28284271247461312 -1 1.2015428796639948e-15 
1 -6.2831853071795862 9.5999999999999996 1 0 
1 -0.78539816339744917 0.28284271247462162 0 -1 
1 -6.2831853071795862 -0.28284271247461634 1 -5.6543194337129119e-16 
1 7.0685834705770336 0.28284271247462223 7.8504622934188243e-16 -1 
1 12.566370614359172 0.28284271247462883 -1 -1.2015428796639962e-15 
1 -6.2831853071795862 9.5999999999999996 1 0 
1 5.497787143782138 0.28284271247462034 0 -1 
1 0 -0.28284271247462217 1 4.9475295044988044e-16 
1 7.0685834705770345 0.2828427124746199 -2.21775559789083e-14 -1 
1 12.566370614359172 0.28284271247462106 -1 -2.1203697876423432e-16 
1 -8.8817841970012523e-16 9.5999999999999996 1 0 
1 5.4977871437821371 0.28284271247461956 -9.4205547521026539e-15 -1 
1 -5.3290705182007514e-15 -0.28284271247461668 1 -2.8271597168564481e-16 
1 0.78539816339744828 0.2828427124746199 1.1186908768121895e-14 -1 
1 6.2831853071795853 0.2828427124746199 -1 0 
1 8.8817841970012523e-16 9.5999999999999996 1 0 
1 -0.78539816339744828 0.2828427124746199 0 -1 
1 -6.2831853071795871 -0.28284271247462023 1 2.8271597168564481e-16 
1 0.78539816339744828 0 0 1 
1 5.497787143782138 0 0 -1 
1 -0.78539816339744739 0 0 -1 
1 6.2831853071795862 0.40000000000000002 -1 0 
1 6.2831853071795853 0.28284271247461418 -1 9.8950590089976186e-16 
1 0.78539816339744917 0 0 1 
1 -0.78539816339744739 0 0 -1 
1 6.283185307179588 0.40000000000000002 -1 0 
1 6.283185307179588 0.28284271247462023 -1 -1.7669748230352857e-16 
1 7.0685834705770345 0 0 1 
1 5.4977871437821371 0 0 -1 
1 12.566370614359172 0.40000000000000002 -1 0 
1 12.566370614359172 0.28284271247462078 -1 -2.8271597168564579e-16 
1 7.0685834705770345 0 0 1 
1 5.497787143782138 0 0 -1 
1 12.566370614359172 0.40000000000000002 -1 0 
1 6.2831853071795853 0.28284271247461923 -1 0 
1 -0.78539816339744828 -0.28284271247461912 0 1 
1 0.78539816339745461 -0.28284271247461873 -1.1186908768121893e-14 1 
1 -6.2831853071795871 -0.28284271247462045 1 2.4737647522493923e-16 
1 5.4977871437821317 -0.28284271247461873 9.420554752102646e-15 1 
1 7.0685834705770345 -0.28284271247461912 0 1 
1 8.8817841970012523e-16 -0.28284271247461912 1 0 
1 -0.78539816339744917 -0.28284271247462089 3.1401849173675404e-15 1 
1 0.78539816339744906 -0.28284271247462039 -1.9626155733547058e-16 1 
1 -6.283185307179588 -0.28284271247462262 1 3.1805546814635132e-16 
1 -0.78539816339744739 -0.28284271247461867 0 1 
1 0.7853981633974495 -0.2828427124746199 -3.9252311467094378e-16 1 
1 -6.2831853071795862 -0.2828427124746144 1 -7.7746892213552633e-16 
1 -0.78539816339744828 -0.28284271247461912 -1.5700924586837757e-15 1 
1 0.78539816339745461 -0.28284271247461867 -8.8317700800962398e-15 1 
1 6.2831853071795862 0.28284271247461718 -1 2.827159716856457e-16 
1 12.566370614359172 0.40000000000000002 -1 0 
1 -6.2831853071795871 -0.28284271247462067 1 2.8271597168564481e-16 
1 5.4977871437821317 -0.28284271247461873 9.420554752102646e-15 1 
1 7.0685834705770345 -0.28284271247461912 0 1 
1 12.566370614359172 0.28284271247461923 -1 0 
1 12.566370614359172 0.40000000000000002 -1 0 
1 -5.3290705182007514e-15 -0.2828427124746174 1 -2.4737647522493923e-16 
1 7.0685834705770354 0 0 1 
1 5.497787143782138 0 0 -1 
1 7.0685834705770345 0 0 1 
Curves 126
1 10 -2.2999999999999998 14 0 -1 0 
1 10 -5 14 -0.57735026918962606 0.57735026918962506 -0.57735026918962606 
1 9.5999999999999996 -2.2999999999999998 13.6 0 1 0 
1 10 5 14 -0.57735026918962573 -0.57735026918962573 -0.57735026918962573 
1 10 -5 8.4697461293082394 0 8.1634045928320303e-17 -1 
1 10 -5 8 -0.57735026918962518 0.57735026918962518 -0.57735026918962717 
1 9.5999999999999996 -4.5999999999999996 8.4697461293082394 0 -8.1634045928320303e-17 1 
1 10 -3.7999999999999998 8 0 -1 0 
1 10 -8 8 -0.57735026918962573 0.57735026918962573 -0.57735026918962573 
1 9.5999999999999996 -3.7999999999999998 7.5999999999999996 0 1 0 
1 9.5999999999999996 7.5999999999999996 8.4697461293082394 0 0 -1 
1 9.5999999999999996 7.5999999999999996 2.3662645012399501 0.70710678118654757 0.70710678118654757 0 
1 10 8 8.4697461293082394 0 0 1 
1 10 8 8 -0.57735026918962573 -0.57735026918962573 -0.57735026918962573 
2 9.5999999999999996 8.0999999999999996 2.3662645012399501 1 0 0 0 -0.70710678118654802 -0.70710678118654702 0 0.70710678118654702 -0.70710678118654802 0.5
1 9.5999999999999996 8.0999999999999996 1.8662645012399499 0.70710678118654802 0 0.70710678118654702 
2 10 8.0999999999999996 2.3662645012399501 -1 0 0 -0 -0.70710678118654802 -0.70710678118654702 0 -0.70710678118654702 0.70710678118654802 0.099999999999999895
1 9.5999999999999996 8.51720097616918 1.8662645012399499 0.70710678118654802 0 0.70710678118654702 
1 10 3.7999999999999998 2.26626450123995 0 -1 0 
1 9.5999999999999996 3.7999999999999998 1.8662645012399499 0 1 0 
2 9.5999999999999996 8.51720097616918 2.3662645012399501 1 0 0 0 0.70710678118654802 -0.70710678118654702 -0 0.70710678118654702 0.70710678118654802 0.5
1 9.5999999999999996 9.01720097616918 2.3662645012399501 0.70710678118654757 -0.70710678118654757 0 
2 10 8.51720097616918 2.3662645012399501 -1 0 0 0 0.70710678118654802 -0.70710678118654702 -0 -0.70710678118654702 -0.70710678118654802 0.0999999999999997
1 9.5999999999999996 9.01720097616918 14.812720015992999 0.70710678118654757 -0.70710678118654757 0 
1 10 8.6172009761691797 5.60287837992822 0 0 -1 
1 9.5999999999999996 9.01720097616918 5.60287837992822 0 0 1 
2 9.5999999999999996 7.01720097616918 14.812720015992999 1 0 0 -0 0.70710678118654802 0.70710678118654702 0 -0.70710678118654702 0.70710678118654802 2
1 9.5999999999999996 7.01720097616918 16.812720015993001 0.70710678118654757 0 -0.70710678118654757 
2 10 7.01720097616918 14.812720015992999 -1 0 0 0 0.70710678118654802 0.70710678118654702 0 0.70710678118654702 -0.70710678118654802 1.6000000000000001
1 9.5999999999999996 -7.01720097616918 16.812720015993001 0.70710678118654757 0 -0.70710678118654757 
1 10 4.50860048808459 16.412720015992999 0 1 0 
1 9.5999999999999996 4.50860048808459 16.812720015993001 0 -1 0 
2 9.5999999999999996 -7.01720097616918 14.812720015992999 1 0 0 0 -0.70710678118654702 0.70710678118654802 0 -0.70710678118654802 -0.70710678118654702 2
1 9.5999999999999996 -9.01720097616918 14.812720015992999 0.70710678118655002 0.70710678118654502 0 
2 10 -7.01720097616918 14.812720015992999 -1 0 0 0 -0.70710678118654702 0.70710678118654802 0 0.70710678118654802 0.70710678118654702 1.6000000000000001
1 9.5999999999999996 -9.01720097616918 2.3662645012399501 0.70710678118654757 0.70710678118654757 -1.9626155733547189e-15 
1 10 -8.6172009761691797 13.0761061373048 0 0 1 
1 9.5999999999999996 -9.01720097616918 13.0761061373048 0 0 -1 
2 9.5999999999999996 -8.51720097616918 2.3662645012399501 1 0 0 0 -0.70710678118654802 -0.70710678118654702 0 0.70710678118654702 -0.70710678118654802 0.5
1 9.5999999999999996 -8.51720097616918 1.8662645012399499 0.70710678118654802 0 0.70710678118654702 
2 10 -8.51720097616918 2.3662645012399501 -1 0 0 -0 -0.70710678118654802 -0.70710678118654702 0 -0.70710678118654702 0.70710678118654802 0.10000000000000001
1 9.5999999999999996 -8.0999999999999996 1.8662645012399499 0.70710678118654802 0 0.70710678118654702 
1 10 -4.50860048808459 2.26626450123995 0 -1 0 
1 9.5999999999999996 -4.50860048808459 1.8662645012399499 0 1 0 
2 9.5999999999999996 -8.0999999999999996 2.3662645012399501 1 0 0 0 0.70710678118654802 -0.70710678118654702 -0 0.70710678118654702 0.70710678118654802 0.5
1 9.5999999999999996 -7.5999999999999996 2.3662645012399501 0.70710678118654757 -0.70710678118654757 0 
2 10 -8.0999999999999996 2.3662645012399501 -1 0 0 0 0.70710678118654802 -0.70710678118654702 -0 -0.70710678118654702 -0.70710678118654802 0.099999999999999895
1 10 -8 5.60287837992822 0 0 -1 
1 9.5999999999999996 -7.5999999999999996 5.60287837992822 0 0 1 
1 9.5999999999999996 2.2999999999999998 7.5999999999999996 0 1 0 
1 10 2.2999999999999998 8 0 -1 0 
1 10 5 8 -0.57735026918962573 -0.57735026918962573 -0.57735026918962573 
1 9.5999999999999996 4.5999999999999996 11.4697461293082 0 0 -1 
1 10 5 11.4697461293082 0 0 1 
1 0 -9.01720097616918 14.812720015992999 1 0 0 
1 0.40000000000000002 -9.01720097616918 13.0761061373048 0 0 1 
1 0 -9.01720097616918 2.3662645012399501 -1 0 0 
1 0 -7.01720097616918 16.812720015993001 -1 0 0 
2 0.40000000000000002 -7.01720097616918 14.812720015992999 -1 0 0 0 -0.70710678118654702 0.70710678118654802 0 0.70710678118654802 0.70710678118654702 2
1 0 7.01720097616918 16.812720015993001 1 0 0 
1 0.40000000000000002 4.50860048808459 16.812720015993001 0 1 0 
1 0 9.01720097616918 14.812720015992999 -1 0 0 
2 0.40000000000000002 7.01720097616918 14.812720015992999 -1 0 0 0 0.70710678118654802 0.70710678118654702 0 0.70710678118654702 -0.70710678118654802 2
1 0 9.01720097616918 2.3662645012399501 1 0 0 
1 0.40000000000000002 9.01720097616918 5.60287837992822 0 0 -1 
1 0 8.51720097616918 1.8662645012399499 -1 0 0 
2 0.40000000000000002 8.51720097616918 2.3662645012399501 -1 0 0 0 0.70710678118654802 -0.70710678118654702 -0 -0.70710678118654702 -0.70710678118654802 0.5
1 0 8.0999999999999996 1.8662645012399499 1 0 0 
1 0.40000000000000002 3.7999999999999998 1.8662645012399499 0 -1 0 
1 0 7.5999999999999996 2.3662645012399501 -1 0 0 
2 0.40000000000000002 8.0999999999999996 2.3662645012399501 -1 0 0 -0 -0.70710678118654802 -0.70710678118654702 0 -0.70710678118654702 0.70710678118654802 0.5
1 0 7.5999999999999996 7.5999999999999996 1 0 0 
1 0.40000000000000002 7.5999999999999996 8.4697461293082394 0 0 1 
1 0 5 11.4697461293082 0 0 -1 
1 0 5 8 0.57735026918962606 -0.57735026918962606 -0.57735026918962506 
1 0.40000000000000002 4.5999999999999996 11.4697461293082 0 0 1 
1 0 5 14 0.57735026918962573 -0.57735026918962573 -0.57735026918962573 
1 0 2.2999999999999998 8 0 1 0 
1 0 8 8 0.57735026918962606 -0.57735026918962606 -0.57735026918962506 
1 0.40000000000000002 2.2999999999999998 7.5999999999999996 0 -1 0 
1 0 8 8.4697461293082394 0 0 -1 
1 0 8 2.3662645012399501 0.70710678118654702 -0.70710678118654802 0 
1 0 8.0999999999999996 2.26626450123995 0.70710678118654802 0 -0.70710678118654702 
2 0 8.0999999999999996 2.3662645012399501 1 0 0 0 -0.70710678118654802 -0.70710678118654702 0 0.70710678118654702 -0.70710678118654802 0.099999999999999895
1 0 8.51720097616918 2.26626450123995 0.70710678118654702 0 -0.70710678118654802 
1 0 3.7999999999999998 2.26626450123995 0 1 0 
1 0 8.6172009761691797 2.3662645012399501 0.70710678118654702 0.70710678118654802 0 
2 0 8.51720097616918 2.3662645012399501 1 0 0 0 0.70710678118654802 -0.70710678118654702 -0 0.70710678118654702 0.70710678118654802 0.0999999999999997
1 0 8.6172009761691797 5.60287837992822 0 0 1 
1 0 8.6172009761691797 14.812720015992999 0.70710678118654702 0.70710678118654802 0 
1 0 7.01720097616918 16.412720015992999 0.70710678118654702 0 0.70710678118654802 
2 0 7.01720097616918 14.812720015992999 1 0 0 -0 0.70710678118654802 0.70710678118654702 0 -0.70710678118654702 0.70710678118654802 1.6000000000000001
1 0 4.50860048808459 16.412720015992999 0 -1 0 
1 0 -7.01720097616918 16.412720015992999 0.70710678118654702 0 0.70710678118654802 
1 0 -8.6172009761691797 14.812720015992999 0.70710678118654902 -0.70710678118654602 0 
2 0 -7.01720097616918 14.812720015992999 1 0 0 0 -0.70710678118654702 0.70710678118654802 0 -0.70710678118654802 -0.70710678118654702 1.6000000000000001
1 0 -8.6172009761691797 13.0761061373048 0 0 -1 
1 0 -8.6172009761691797 2.3662645012399501 0.70710678118654702 -0.70710678118654802 1.9626155733547201e-15 
1 0 -8.51720097616918 2.26626450123995 0.70710678118654802 0 -0.70710678118654702 
2 0.40000000000000002 -8.51720097616918 2.3662645012399501 -1 0 0 -0 -0.70710678118654802 -0.70710678118654702 0 -0.70710678118654702 0.70710678118654802 0.5
2 0 -8.51720097616918 2.3662645012399501 1 0 0 0 -0.70710678118654802 -0.70710678118654702 0 0.70710678118654702 -0.70710678118654802 0.10000000000000001
1 0 -8.0999999999999996 2.26626450123995 0.70710678118654702 0 -0.70710678118654802 
1 0.40000000000000002 -4.50860048808459 1.8662645012399499 0 -1 0 
1 0 -4.50860048808459 2.26626450123995 0 1 0 
1 0 -8 2.3662645012399501 0.70710678118654702 0.70710678118654802 0 
2 0.40000000000000002 -8.0999999999999996 2.3662645012399501 -1 0 0 0 0.70710678118654802 -0.70710678118654702 -0 -0.70710678118654702 -0.70710678118654802 0.5
2 0 -8.0999999999999996 2.3662645012399501 1 0 0 0 0.70710678118654802 -0.70710678118654702 -0 0.70710678118654702 0.70710678118654802 0.099999999999999895
1 0.40000000000000002 -7.5999999999999996 5.60287837992822 0 0 -1 
1 0 -8 5.60287837992822 0 0 1 
1 0 -8 8 0.57735026918962606 0.57735026918962606 -0.57735026918962506 
1 0.40000000000000002 -3.7999999999999998 7.5999999999999996 0 -1 0 
1 0 -3.7999999999999998 8 0 1 0 
1 0 -5 8 0.57735026918962573 0.57735026918962573 -0.57735026918962573 
1 0.40000000000000002 -4.5999999999999996 8.4697461293082394 0 8.1634045928320303e-17 -1 
1 0 -5 8.4697461293082394 0 -8.1634045928320303e-17 1 
1 0 -5 14 0.57735026918962606 0.57735026918962506 -0.57735026918962606 
1 0.40000000000000002 -2.2999999999999998 13.6 0 -1 0 
1 0 -2.2999999999999998 14 0 1 0 
1 0 -8.51720097616918 1.8662645012399499 1 0 0 
1 0 -8.0999999999999996 1.8662645012399499 -1 0 0 
1 0 -7.5999999999999996 2.3662645012399501 1 0 0 
1 0 -7.5999999999999996 7.5999999999999996 1 0 0 
1 0 -4.5999999999999996 7.5999999999999996 1 0 0 
1 0 -4.5999999999999996 13.6 1 0 0 
1 0 4.5999999999999996 13.6 1 0 0 
1 0 4.5999999999999996 7.5999999999999996 1 0 0 
Polygon3D 0
PolygonOnTriangulations 0
Surfaces 56
1 9.8000000000000007 -2.2999999999999998 13.800000000000001 0.70710678118654757 0 -0.70710678118654757 -0.70710678118654757 0 -0.70710678118654757 0 1 0 
1 10 0 9.3394922586164899 1 0 0 0 0 -1 -0 1 0 
1 9.8000000000000007 -4.7999999999999998 8.4697461293082394 0.70710678118654757 0.70710678118654757 5.7723987451609363e-17 8.1634045928320303e-17 0 -1 -0.70710678118654757 0.70710678118654757 -5.7723987451609363e-17 
1 0 -4.5999999999999996 13.6 0 0 -1 0 1 0 1 -0 0 
1 9.8000000000000007 4.7999999999999998 11.4697461293082 0.70710678118654757 -0.70710678118654757 0 0 0 -1 0.70710678118654757 0.70710678118654757 0 
1 9.8000000000000007 -3.7999999999999998 7.7999999999999998 0.70710678118654757 0 -0.70710678118654757 -0.70710678118654757 0 -0.70710678118654757 0 1 0 
1 0 -4.5999999999999996 7.5999999999999996 0 1 8.1634045928320303e-17 0 -8.1634045928320303e-17 1 1 0 -0 
1 9.8000000000000007 -7.7999999999999998 5.60287837992822 0.70710678118654757 0.70710678118654757 0 0 0 -1 -0.70710678118654757 0.70710678118654757 0 
1 0 -7.5999999999999996 7.5999999999999996 0 0 -1 0 1 0 1 -0 0 
1 9.8000000000000007 7.7999999999999998 8.4697461293082394 0.70710678118654757 -0.70710678118654757 0 0 0 -1 0.70710678118654757 0.70710678118654757 0 
1 0 7.5999999999999996 7.5999999999999996 0 -1 0 0 0 -1 1 0 0 
3 9.8000000000000007 8.0999999999999996 2.3662645012399501 -1 0 0 -0 -0.70710678118654802 -0.70710678118654702 0 -0.70710678118654702 0.70710678118654802 0.29999999999999999
0.78539816339744795
1 9.8000000000000007 2.2999999999999998 7.7999999999999998 0.70710678118654757 0 -0.70710678118654757 -0.70710678118654757 0 -0.70710678118654757 0 1 0 
2 0 8.0999999999999996 2.3662645012399501 1 0 0 0 -0.70710678118654802 -0.70710678118654702 0 0.70710678118654702 -0.70710678118654802 0.5
1 9.8000000000000007 3.7999999999999998 2.0662645012399499 0.70710678118654702 0 -0.70710678118654802 -0.70710678118654802 0 -0.70710678118654702 0 1 0 
3 9.8000000000000007 8.51720097616918 2.3662645012399501 -1 0 0 0 0.70710678118654802 -0.70710678118654702 -0 -0.70710678118654702 -0.70710678118654802 0.29999999999999999
0.78539816339744895
1 0 7.5999999999999996 1.8662645012399499 0 0 -1 0 1 0 1 -0 0 
2 0 8.51720097616918 2.3662645012399501 1 0 0 0 0.70710678118654802 -0.70710678118654702 -0 0.70710678118654702 0.70710678118654802 0.5
1 9.8000000000000007 8.8172009761691807 5.60287837992822 0.70710678118654757 0.70710678118654757 0 0 0 -1 -0.70710678118654757 0.70710678118654757 0 
3 9.8000000000000007 7.01720097616918 14.812720015992999 -1 0 0 0 0.70710678118654802 0.70710678118654702 0 0.70710678118654702 -0.70710678118654802 1.8
0.78539816339744895
1 0 9.01720097616918 1.8662645012399499 0 1 0 0 -0 1 1 0 -0 
2 0 7.01720097616918 14.812720015992999 1 0 0 -0 0.70710678118654802 0.70710678118654702 0 -0.70710678118654702 0.70710678118654802 2
1 9.8000000000000007 4.50860048808459 16.612720015992998 0.70710678118654757 0 0.70710678118654757 0.70710678118654757 0 -0.70710678118654757 -0 1 0 
3 9.8000000000000007 -7.01720097616918 14.812720015992999 -1 0 0 0 -0.70710678118654702 0.70710678118654802 0 0.70710678118654802 0.70710678118654702 1.8
0.78539816339744695
1 0 9.01720097616918 16.812720015993001 0 0 1 0 -1 0 1 0 -0 
2 0 -7.01720097616918 14.812720015992999 1 0 0 0 -0.70710678118654702 0.70710678118654802 0 -0.70710678118654802 -0.70710678118654702 2
1 9.8000000000000007 -8.8172009761691807 13.0761061373048 0.70710678118654757 -0.70710678118654757 0 0 0 -1 0.70710678118654757 0.70710678118654757 0 
3 9.8000000000000007 -8.51720097616918 2.3662645012399501 -1 0 0 -0 -0.70710678118654802 -0.70710678118654702 0 -0.70710678118654702 0.70710678118654802 0.29999999999999999
0.78539816339744795
1 0 -9.01720097616918 16.812720015993001 0 -1 0 0 0 -1 1 0 0 
2 0 -8.51720097616918 2.3662645012399501 1 0 0 0 -0.70710678118654802 -0.70710678118654702 0 0.70710678118654702 -0.70710678118654802 0.5
1 9.8000000000000007 -4.50860048808459 2.0662645012399499 0.70710678118654702 0 -0.70710678118654802 -0.70710678118654802 0 -0.70710678118654702 0 1 0 
3 9.8000000000000007 -8.0999999999999996 2.3662645012399501 -1 0 0 0 0.70710678118654802 -0.70710678118654702 -0 -0.70710678118654702 -0.70710678118654802 0.29999999999999999
0.78539816339744795
1 0 -9.01720097616918 1.8662645012399499 0 0 -1 0 1 0 1 -0 0 
2 0 -8.0999999999999996 2.3662645012399501 1 0 0 0 0.70710678118654802 -0.70710678118654702 -0 0.70710678118654702 0.70710678118654802 0.5
1 0 -7.5999999999999996 1.8662645012399499 0 1 0 0 -0 1 1 0 -0 
1 0 4.5999999999999996 7.5999999999999996 0 0 -1 0 1 0 1 -0 0 
1 0 4.5999999999999996 13.6 0 -1 0 0 0 -1 1 0 0 
1 0.20000000000000001 -8.8172009761691807 13.0761061373048 -0.70710678118654802 -0.70710678118654702 0 0 0 1 -0.70710678118654702 0.70710678118654802 0 
3 0.20000000000000001 -7.01720097616918 14.812720015992999 1 0 0 0 -0.70710678118654702 0.70710678118654802 0 -0.70710678118654802 -0.70710678118654702 1.8
0.78539816339744695
1 0.20000000000000001 4.50860048808459 16.612720015992998 -0.70710678118654802 0 0.70710678118654702 0.70710678118654702 0 0.70710678118654802 0 1 -0 
3 0.20000000000000001 7.01720097616918 14.812720015992999 1 0 0 -0 0.70710678118654802 0.70710678118654702 0 -0.70710678118654702 0.70710678118654802 1.8
0.78539816339745006
1 0.20000000000000001 8.8172009761691807 5.60287837992822 -0.70710678118654802 0.70710678118654702 0 0 0 1 0.70710678118654702 0.70710678118654802 -0 
3 0.20000000000000001 8.51720097616918 2.3662645012399501 1 0 0 0 0.70710678118654802 -0.70710678118654702 -0 0.70710678118654702 0.70710678118654802 0.29999999999999999
0.78539816339744895
1 0.20000000000000001 3.7999999999999998 2.0662645012399499 -0.70710678118654802 0 -0.70710678118654702 -0.70710678118654702 0 0.70710678118654802 0 1 0 
3 0.20000000000000001 8.0999999999999996 2.3662645012399501 1 0 0 0 -0.70710678118654802 -0.70710678118654702 0 0.70710678118654702 -0.70710678118654802 0.29999999999999999
0.78539816339744895
1 0.20000000000000001 7.7999999999999998 8.4697461293082394 -0.70710678118654802 -0.70710678118654702 0 0 0 1 -0.70710678118654702 0.70710678118654802 0 
1 0.20000000000000001 4.7999999999999998 11.4697461293082 -0.70710678118654802 -0.70710678118654702 0 0 0 1 -0.70710678118654702 0.70710678118654802 0 
1 0 0 9.3394922586164899 1 0 0 -0 1 0 0 -0 1 
1 0.20000000000000001 2.2999999999999998 7.7999999999999998 -0.70710678118654702 0 -0.70710678118654802 -0.70710678118654802 0 0.70710678118654702 0 1 0 
1 0.20000000000000001 -2.2999999999999998 13.800000000000001 -0.70710678118654802 0 -0.70710678118654702 -0.70710678118654702 0 0.70710678118654802 0 1 0 
3 0.20000000000000001 -8.51720097616918 2.3662645012399501 1 0 0 0 -0.70710678118654802 -0.70710678118654702 0 0.70710678118654702 -0.70710678118654802 0.29999999999999999
0.78539816339744795
1 0.20000000000000001 -4.50860048808459 2.0662645012399499 -0.70710678118654802 0 -0.70710678118654702 -0.70710678118654702 0 0.70710678118654802 0 1 0 
3 0.20000000000000001 -8.0999999999999996 2.3662645012399501 1 0 0 0 0.70710678118654802 -0.70710678118654702 -0 0.70710678118654702 0.70710678118654802 0.29999999999999999
0.78539816339744895
1 0.20000000000000001 -7.7999999999999998 5.60287837992822 -0.70710678118654802 0.70710678118654702 0 0 0 1 0.70710678118654702 0.70710678118654802 -0 
1 0.20000000000000001 -3.7999999999999998 7.7999999999999998 -0.70710678118654702 0 -0.70710678118654802 -0.70710678118654802 0 0.70710678118654702 0 1 0 
1 0.20000000000000001 -4.7999999999999998 8.4697461293082394 -0.70710678118654802 0.70710678118654702 5.77239874516094e-17 8.1634045928320303e-17 0 1 0.70710678118654702 0.70710678118654802 -5.7723987451609313e-17 
Triangulations 0

TShapes 312
Ve
1e-07
10 5 14
0 0

0101101
*
Ve
1e-07
10 -5 14
0 0

0101101
*
Ed
 1e-07 1 1 0
1  1 0 -7.3 2.7
4 C0 1 0 2 0
0

0101000
+312 0 -311 0 *
Ve
1e-07
9.6 -4.6 13.6
0 0

0101101
*
Ed
 1e-07 1 1 0
1  2 0 0 0.692820323027551
4 C0 1 0 3 0
0

0101000
+311 0 -309 0 *
Ve
1e-07
9.6 4.6 13.6
0 0

0101101
*
Ed
 1e-07 1 1 0
1  3 0 -2.3 6.9
4 C0 1 0 4 0
0

0101000
+309 0 -307 0 *
Ed
 1e-07 1 1 0
1  4 0 -0 0.692820323027551
4 C0 1 0 5 0
0

0101000
+312 0 -307 0 *
Wi

0101100
+310 0 +308 0 +306 0 -305 0 *
Fa
0  1e-07 1 0

0101000
+304 0 *
Ve
1e-07
10 -5 8
0 0

0101101
*
Ed
 1e-07 1 1 0
1  5 0 -5.53025387069176 0.469746129308239
4 C0 3 0 2 0
0

0101000
+311 0 -302 0 *
Ve
1e-07
9.6 -4.6 7.6
0 0

0101101
*
Ed
 1e-07 1 1 0
1  6 0 0 0.692820323027551
4 C0 3 0 6 0
0

0101000
+302 0 -300 0 *
Ed
 1e-07 1 1 0
1  7 0 -0.86974612930824 5.13025387069176
4 C0 3 0 7 0
0

0101000
+300 0 -309 0 *
Wi

0101100
+301 0 +299 0 +298 0 -308 0 *
Fa
0  1e-07 3 0

0101000
+297 0 *
Ve
1e-07
10 -8 8
0 0

0101101
*
Ed
 1e-07 1 1 0
1  8 0 1.2 4.2
4 C0 6 0 2 0
0

0101000
+302 0 -295 0 *
Ve
1e-07
9.6 -7.6 7.6
0 0

0101101
*
Ed
 1e-07 1 1 0
1  9 0 0 0.692820323027551
4 C0 6 0 8 0
0

0101000
+295 0 -293 0 *
Ed
 1e-07 1 1 0
1  10 0 -3.8 -0.8
4 C0 6 0 9 0
0

0101000
+293 0 -300 0 *
Wi

0101100
+294 0 +292 0 +291 0 -299 0 *
Fa
0  1e-07 6 0

0101000
+290 0 *
Ve
1e-07
9.6 7.6 7.6
0 0

0101101
*
Ve
1e-07
9.6 7.6 2.36626450123995
0 0

0101101
*
Ed
 1e-07 1 1 0
1  11 0 0.86974612930824 6.10348162806829
4 C0 10 0 11 0
0

0101000
+288 0 -287 0 *
Ve
1e-07
10 8 2.36626450123995
0 0

0101101
*
Ed
 1e-07 1 1 0
1  12 0 0 0.565685424949239
2  1 12 0 0 0.565685424949239
4 G1 10 0 12 0
0

0101000
+287 0 -285 0 *
Ve
1e-07
10 8 8
0 0

0101101
*
Ed
 1e-07 1 1 0
1  13 0 -6.10348162806829 -0.469746129308239
4 C0 10 0 2 0
0

0101000
+285 0 -283 0 *
Ed
 1e-07 1 1 0
1  14 0 -0 0.692820323027551
4 C0 10 0 13 0
0

0101000
+283 0 -288 0 *
Wi

0101100
+286 0 +284 0 +282 0 +281 0 *
Fa
0  1e-07 10 0

0101000
+280 0 *
Ve
1e-07
9.6 8.1 1.86626450123995
0 0

0101101
*
Ed
 1e-07 1 1 0
1  15 0 5.49778714378214 7.06858347057704
2  2 12 0 5.49778714378214 7.06858347057704
2  3 14 0 5.49778714378214 7.06858347057704
4 C0 12 0 14 0
0

0101000
+287 0 -278 0 *
Ve
1e-07
10 8.1 2.26626450123995
0 0

0101101
*
Ed
 1e-07 1 1 0
1  16 0 0 0.565685424949238
2  4 12 0 0 0.565685424949238
4 G1 12 0 15 0
0

0101000
+278 0 -276 0 *
Ed
 1e-07 1 1 0
1  17 0 5.49778714378214 7.06858347057703
2  5 12 0 5.49778714378214 7.06858347057703
4 C0 12 0 2 0
0

0101000
+276 0 -285 0 *
Wi

0101100
-284 0 +277 0 +275 0 +274 0 *
Fa
0  1e-07 12 0

0101000
+273 0 *
Ve
1e-07
9.6 8.51720097616918 1.86626450123995
0 0

0101101
*
Ve
1e-07
10 8.51720097616918 2.26626450123995
0 0

0101101
*
Ed
 1e-07 1 1 0
1  18 0 0 0.565685424949238
2  6 16 0 0 0.565685424949238
4 G1 15 0 16 0
0

0101000
+271 0 -270 0 *
Ed
 1e-07 1 1 0
1  19 0 -4.71720097616918 -4.3
4 C0 15 0 2 0
0

0101000
+270 0 -276 0 *
Ed
 1e-07 1 1 0
1  20 0 4.3 4.71720097616918
4 C0 15 0 17 0
0

0101000
+278 0 -271 0 *
Wi

0101100
+269 0 +268 0 -275 0 +267 0 *
Fa
0  1e-07 15 0

0101000
+266 0 *
Ve
1e-07
9.6 9.01720097616918 2.36626450123995
0 0

0101101
*
Ed
 1e-07 1 1 0
1  21 0 5.49778714378214 7.06858347057703
2  7 16 0 5.49778714378214 7.06858347057703
2  8 18 0 5.49778714378214 7.06858347057703
4 C0 16 0 18 0
0

0101000
+271 0 -264 0 *
Ve
1e-07
10 8.61720097616918 2.36626450123995
0 0

0101101
*
Ed
 1e-07 1 1 0
1  22 0 0 0.565685424949239
2  9 16 0 0 0.565685424949239
4 G1 16 0 19 0
0

0101000
+264 0 -262 0 *
Ed
 1e-07 1 1 0
1  23 0 5.49778714378214 7.06858347057704
2  10 16 0 5.49778714378214 7.06858347057704
4 C0 16 0 2 0
0

0101000
+262 0 -270 0 *
Wi

0101100
-269 0 +263 0 +261 0 +260 0 *
Fa
0  1e-07 16 0

0101000
+259 0 *
Ve
1e-07
9.6 9.01720097616918 14.812720015993
0 0

0101101
*
Ve
1e-07
10 8.61720097616918 14.812720015993
0 0

0101101
*
Ed
 1e-07 1 1 0
1  24 0 0 0.565685424949239
2  11 20 0 0 0.565685424949239
4 G1 19 0 20 0
0

0101000
+257 0 -256 0 *
Ed
 1e-07 1 1 0
1  25 0 -9.20984163606478 3.23661387868827
4 C0 19 0 2 0
0

0101000
+256 0 -262 0 *
Ed
 1e-07 1 1 0
1  26 0 -3.23661387868827 9.20984163606478
4 C0 19 0 21 0
0

0101000
+264 0 -257 0 *
Wi

0101100
+255 0 +254 0 -261 0 +253 0 *
Fa
0  1e-07 19 0

0101000
+252 0 *
Ve
1e-07
9.6 7.01720097616918 16.812720015993
0 0

0101101
*
Ed
 1e-07 1 1 0
1  27 0 5.49778714378214 7.06858347057704
2  12 20 0 5.49778714378214 7.06858347057704
2  13 22 0 5.49778714378214 7.06858347057704
4 C0 20 0 22 0
0

0101000
+257 0 -250 0 *
Ve
1e-07
10 7.01720097616918 16.412720015993
0 0

0101101
*
Ed
 1e-07 1 1 0
1  28 0 0 0.56568542494924
2  14 20 0 0 0.56568542494924
4 G1 20 0 23 0
0

0101000
+250 0 -248 0 *
Ed
 1e-07 1 1 0
1  29 0 5.49778714378214 7.06858347057703
2  15 20 0 5.49778714378214 7.06858347057703
4 C0 20 0 2 0
0

0101000
+248 0 -256 0 *
Wi

0101100
-255 0 +249 0 +247 0 +246 0 *
Fa
0  1e-07 20 0

0101000
+245 0 *
Ve
1e-07
9.6 -7.01720097616918 16.812720015993
0 0

0101101
*
Ve
1e-07
10 -7.01720097616918 16.412720015993
0 0

0101101
*
Ed
 1e-07 1 1 0
1  30 0 0 0.56568542494924
2  16 24 0 0 0.56568542494924
4 G1 23 0 24 0
0

0101000
+243 0 -242 0 *
Ed
 1e-07 1 1 0
1  31 0 -11.5258014642538 2.50860048808459
4 C0 23 0 2 0
0

0101000
+242 0 -248 0 *
Ed
 1e-07 1 1 0
1  32 0 -2.50860048808459 11.5258014642538
4 C0 23 0 25 0
0

0101000
+250 0 -243 0 *
Wi

0101100
+241 0 +240 0 -247 0 +239 0 *
Fa
0  1e-07 23 0

0101000
+238 0 *
Ve
1e-07
9.6 -9.01720097616918 14.812720015993
0 0

0101101
*
Ed
 1e-07 1 1 0
1  33 0 5.49778714378214 7.06858347057704
2  17 24 0 5.49778714378214 7.06858347057704
2  18 26 0 5.49778714378214 7.06858347057704
4 C0 24 0 26 0
0

0101000
+243 0 -236 0 *
Ve
1e-07
10 -8.61720097616918 14.812720015993
0 0

0101101
*
Ed
 1e-07 1 1 0
1  34 0 0 0.565685424949239
2  19 24 0 0 0.565685424949239
4 G1 24 0 27 0
0

0101000
+236 0 -234 0 *
Ed
 1e-07 1 1 0
1  35 0 5.49778714378214 7.06858347057703
2  20 24 0 5.49778714378214 7.06858347057703
4 C0 24 0 2 0
0

0101000
+234 0 -242 0 *
Wi

0101100
-241 0 +235 0 +233 0 +232 0 *
Fa
0  1e-07 24 0

0101000
+231 0 *
Ve
1e-07
9.6 -9.01720097616918 2.36626450123995
0 0

0101101
*
Ve
1e-07
10 -8.61720097616918 2.36626450123995
0 0

0101101
*
Ed
 1e-07 1 1 0
1  36 0 0 0.565685424949239
2  21 28 0 0 0.565685424949239
4 G1 27 0 28 0
0

0101000
+229 0 -228 0 *
Ed
 1e-07 1 1 0
1  37 0 -10.7098416360648 1.7366138786882
4 C0 27 0 2 0
0

0101000
+228 0 -234 0 *
Ed
 1e-07 1 1 0
1  38 0 -1.7366138786882 10.7098416360648
4 C0 27 0 29 0
0

0101000
+236 0 -229 0 *
Wi

0101100
+227 0 +226 0 -233 0 +225 0 *
Fa
0  1e-07 27 0

0101000
+224 0 *
Ve
1e-07
9.6 -8.51720097616918 1.86626450123995
0 0

0101101
*
Ed
 1e-07 1 1 0
1  39 0 5.49778714378214 7.06858347057704
2  22 28 0 5.49778714378214 7.06858347057704
2  23 30 0 5.49778714378214 7.06858347057704
4 C0 28 0 30 0
0

0101000
+229 0 -222 0 *
Ve
1e-07
10 -8.51720097616918 2.26626450123995
0 0

0101101
*
Ed
 1e-07 1 1 0
1  40 0 0 0.565685424949238
2  24 28 0 0 0.565685424949238
4 G1 28 0 31 0
0

0101000
+222 0 -220 0 *
Ed
 1e-07 1 1 0
1  41 0 5.49778714378214 7.06858347057703
2  25 28 0 5.49778714378214 7.06858347057703
4 C0 28 0 2 0
0

0101000
+220 0 -228 0 *
Wi

0101100
-227 0 +221 0 +219 0 +218 0 *
Fa
0  1e-07 28 0

0101000
+217 0 *
Ve
1e-07
9.6 -8.1 1.86626450123995
0 0

0101101
*
Ve
1e-07
10 -8.1 2.26626450123995
0 0

0101101
*
Ed
 1e-07 1 1 0
1  42 0 0 0.565685424949238
2  26 32 0 0 0.565685424949238
4 G1 31 0 32 0
0

0101000
+215 0 -214 0 *
Ed
 1e-07 1 1 0
1  43 0 3.59139951191541 4.00860048808459
4 C0 31 0 2 0
0

0101000
+214 0 -220 0 *
Ed
 1e-07 1 1 0
1  44 0 -4.00860048808459 -3.59139951191541
4 C0 31 0 33 0
0

0101000
+222 0 -215 0 *
Wi

0101100
+213 0 +212 0 -219 0 +211 0 *
Fa
0  1e-07 31 0

0101000
+210 0 *
Ve
1e-07
9.6 -7.6 2.36626450123995
0 0

0101101
*
Ed
 1e-07 1 1 0
1  45 0 5.49778714378214 7.06858347057703
2  27 32 0 5.49778714378214 7.06858347057703
2  28 34 0 5.49778714378214 7.06858347057703
4 C0 32 0 34 0
0

0101000
+215 0 -208 0 *
Ve
1e-07
10 -8 2.36626450123995
0 0

0101101
*
Ed
 1e-07 1 1 0
1  46 0 0 0.565685424949239
2  29 32 0 0 0.565685424949239
4 G1 32 0 8 0
0

0101000
+208 0 -206 0 *
Ed
 1e-07 1 1 0
1  47 0 5.49778714378214 7.06858347057704
2  30 32 0 5.49778714378214 7.06858347057704
4 C0 32 0 2 0
0

0101000
+206 0 -214 0 *
Wi

0101100
-213 0 +207 0 +205 0 +204 0 *
Fa
0  1e-07 32 0

0101000
+203 0 *
Ed
 1e-07 1 1 0
1  48 0 -2.39712162007178 3.23661387868827
4 C0 8 0 2 0
0

0101000
+295 0 -206 0 *
Ed
 1e-07 1 1 0
1  49 0 -3.23661387868827 1.99712162007178
4 C0 8 0 35 0
0

0101000
+208 0 -293 0 *
Wi

0101100
+201 0 -205 0 +200 0 -292 0 *
Fa
0  1e-07 8 0

0101000
+199 0 *
Ve
1e-07
9.6 4.6 7.6
0 0

0101101
*
Ed
 1e-07 1 1 0
1  50 0 2.3 5.3
4 C0 13 0 36 0
0

0101000
+197 0 -288 0 *
Ve
1e-07
10 5 8
0 0

0101101
*
Ed
 1e-07 1 1 0
1  51 0 -5.7 -2.7
4 C0 13 0 2 0
0

0101000
+283 0 -195 0 *
Ed
 1e-07 1 1 0
1  52 0 -0 0.692820323027551
4 C0 13 0 5 0
0

0101000
+195 0 -197 0 *
Wi

0101100
+196 0 -281 0 +194 0 +193 0 *
Fa
0  1e-07 13 0

0101000
+192 0 *
Ed
 1e-07 1 1 0
1  53 0 -2.1302538706918 3.8697461293082
4 C0 5 0 37 0
0

0101000
+307 0 -197 0 *
Ed
 1e-07 1 1 0
1  54 0 -3.4697461293082 2.5302538706918
4 C0 5 0 2 0
0

0101000
+195 0 -312 0 *
Wi

0101100
+190 0 -193 0 +189 0 +305 0 *
Fa
0  1e-07 5 0

0101000
+188 0 *
Ve
1e-07
0.4 -9.01720097616918 14.812720015993
0 0

0101101
*
Ed
 1e-07 1 1 0
1  55 0 0.4 9.6
2  31 26 0 0.4 9.6
4 G1 29 0 26 0
0

0101000
+186 0 -236 0 *
Ve
1e-07
0.4 -9.01720097616918 2.36626450123995
0 0

0101101
*
Ed
 1e-07 1 1 0
1  56 0 -10.7098416360648 1.7366138786882
4 C0 29 0 38 0
0

0101000
+184 0 -186 0 *
Ed
 1e-07 1 1 0
1  57 0 -9.6 -0.4
2  32 30 0 -9.6 -0.4
4 G1 29 0 30 0
0

0101000
+229 0 -184 0 *
Wi

0101100
-225 0 -185 0 -183 0 -182 0 *
Fa
0  1e-07 29 0

0101000
+181 0 *
Ve
1e-07
0.4 -7.01720097616918 16.812720015993
0 0

0101101
*
Ed
 1e-07 1 1 0
1  58 0 -9.6 -0.4
2  33 26 0 -9.6 -0.4
4 G1 26 0 25 0
0

0101000
+243 0 -179 0 *
Ed
 1e-07 1 1 0
1  59 0 5.49778714378214 7.06858347057703
2  34 26 0 5.49778714378214 7.06858347057703
2  35 39 0 5.49778714378214 7.06858347057703
4 C0 26 0 39 0
0

0101000
+186 0 -179 0 *
Wi

0101100
-235 0 +178 0 -177 0 +185 0 *
Fa
0  1e-07 26 0

0101000
+176 0 *
Ve
1e-07
0.4 7.01720097616918 16.812720015993
0 0

0101101
*
Ed
 1e-07 1 1 0
1  60 0 0.4 9.6
2  36 22 0 0.4 9.6
4 G1 25 0 22 0
0

0101000
+174 0 -250 0 *
Ed
 1e-07 1 1 0
1  61 0 -11.5258014642538 2.50860048808459
4 C0 25 0 40 0
0

0101000
+179 0 -174 0 *
Wi

0101100
-239 0 -173 0 -172 0 -178 0 *
Fa
0  1e-07 25 0

0101000
+171 0 *
Ve
1e-07
0.4 9.01720097616918 14.812720015993
0 0

0101101
*
Ed
 1e-07 1 1 0
1  62 0 -9.6 -0.4
2  37 22 0 -9.6 -0.4
4 G1 22 0 21 0
0

0101000
+257 0 -169 0 *
Ed
 1e-07 1 1 0
1  63 0 5.49778714378214 7.06858347057703
2  38 22 0 5.49778714378214 7.06858347057703
2  39 41 0 5.49778714378214 7.06858347057703
4 C0 22 0 41 0
0

0101000
+174 0 -169 0 *
Wi

0101100
-249 0 +168 0 -167 0 +173 0 *
Fa
0  1e-07 22 0

0101000
+166 0 *
Ve
1e-07
0.4 9.01720097616918 2.36626450123995
0 0

0101101
*
Ed
 1e-07 1 1 0
1  64 0 0.4 9.6
2  40 18 0 0.4 9.6
4 G1 21 0 18 0
0

0101000
+164 0 -264 0 *
Ed
 1e-07 1 1 0
1  65 0 -9.20984163606478 3.23661387868827
4 C0 21 0 42 0
0

0101000
+169 0 -164 0 *
Wi

0101100
-253 0 -163 0 -162 0 -168 0 *
Fa
0  1e-07 21 0

0101000
+161 0 *
Ve
1e-07
0.4 8.51720097616918 1.86626450123995
0 0

0101101
*
Ed
 1e-07 1 1 0
1  66 0 -9.6 -0.4
2  41 18 0 -9.6 -0.4
4 G1 18 0 17 0
0

0101000
+271 0 -159 0 *
Ed
 1e-07 1 1 0
1  67 0 5.49778714378214 7.06858347057704
2  42 18 0 5.49778714378214 7.06858347057704
2  43 43 0 5.49778714378214 7.06858347057704
4 C0 18 0 43 0
0

0101000
+164 0 -159 0 *
Wi

0101100
-263 0 +158 0 -157 0 +163 0 *
Fa
0  1e-07 18 0

0101000
+156 0 *
Ve
1e-07
0.4 8.1 1.86626450123995
0 0

0101101
*
Ed
 1e-07 1 1 0
1  68 0 0.4 9.6
2  44 14 0 0.4 9.6
4 G1 17 0 14 0
0

0101000
+154 0 -278 0 *
Ed
 1e-07 1 1 0
1  69 0 -4.71720097616918 -4.3
4 C0 17 0 44 0
0

0101000
+159 0 -154 0 *
Wi

0101100
-267 0 -153 0 -152 0 -158 0 *
Fa
0  1e-07 17 0

0101000
+151 0 *
Ve
1e-07
0.4 7.6 2.36626450123995
0 0

0101101
*
Ed
 1e-07 1 1 0
1  70 0 -9.6 -0.4
2  45 14 0 -9.6 -0.4
4 G1 14 0 11 0
0

0101000
+287 0 -149 0 *
Ed
 1e-07 1 1 0
1  71 0 5.49778714378214 7.06858347057703
2  46 14 0 5.49778714378214 7.06858347057703
2  47 45 0 5.49778714378214 7.06858347057703
4 C0 14 0 45 0
0

0101000
+154 0 -149 0 *
Wi

0101100
-277 0 +148 0 -147 0 +153 0 *
Fa
0  1e-07 14 0

0101000
+146 0 *
Ve
1e-07
0.4 7.6 7.6
0 0

0101101
*
Ed
 1e-07 1 1 0
1  72 0 0.4 9.6
4 C0 11 0 36 0
0

0101000
+144 0 -288 0 *
Ed
 1e-07 1 1 0
1  73 0 -6.10348162806829 -0.86974612930824
4 C0 11 0 46 0
0

0101000
+149 0 -144 0 *
Wi

0101100
-286 0 -143 0 -142 0 -148 0 *
Fa
0  1e-07 11 0

0101000
+141 0 *
Wi

0101100
-282 0 -274 0 -268 0 -260 0 -254 0 -246 0 -240 0 -232 0 -226 0 -218 0 
-212 0 -204 0 -201 0 -294 0 -301 0 -310 0 -189 0 -194 0 *
Fa
0  1e-07 2 0

0101000
+139 0 *
Ve
1e-07
0 5 14
0 0

0101101
*
Ve
1e-07
0 5 8
0 0

0101101
*
Ed
 1e-07 1 1 0
1  74 0 -2.5302538706918 3.4697461293082
4 C0 47 0 48 0
0

0101000
+137 0 -136 0 *
Ve
1e-07
0.4 4.6 7.6
0 0

0101101
*
Ed
 1e-07 1 1 0
1  75 0 0 0.692820323027551
4 C0 47 0 49 0
0

0101000
+136 0 -134 0 *
Ve
1e-07
0.4 4.6 13.6
0 0

0101101
*
Ed
 1e-07 1 1 0
1  76 0 -3.8697461293082 2.1302538706918
4 C0 47 0 37 0
0

0101000
+134 0 -132 0 *
Ed
 1e-07 1 1 0
1  77 0 0 0.692820323027551
4 C0 47 0 50 0
0

0101000
+137 0 -132 0 *
Wi

0101100
+135 0 +133 0 +131 0 -130 0 *
Fa
0  1e-07 47 0

0101000
+129 0 *
Ve
1e-07
0 8 8
0 0

0101101
*
Ed
 1e-07 1 1 0
1  78 0 2.7 5.7
4 C0 49 0 48 0
0

0101000
+136 0 -127 0 *
Ed
 1e-07 1 1 0
1  79 0 0 0.692820323027551
4 C0 49 0 46 0
0

0101000
+127 0 -144 0 *
Ed
 1e-07 1 1 0
1  80 0 -5.3 -2.3
4 C0 49 0 36 0
0

0101000
+144 0 -134 0 *
Wi

0101100
+126 0 +125 0 +124 0 -133 0 *
Fa
0  1e-07 49 0

0101000
+123 0 *
Ve
1e-07
0 8 2.36626450123995
0 0

0101101
*
Ed
 1e-07 1 1 0
1  81 0 0.469746129308239 6.10348162806829
4 C0 46 0 48 0
0

0101000
+127 0 -121 0 *
Ed
 1e-07 1 1 0
1  82 0 0 0.565685424949238
2  48 45 0 0 0.565685424949238
4 G1 46 0 45 0
0

0101000
+121 0 -149 0 *
Wi

0101100
+120 0 +119 0 +142 0 -125 0 *
Fa
0  1e-07 46 0

0101000
+118 0 *
Ve
1e-07
0 8.1 2.26626450123995
0 0

0101101
*
Ed
 1e-07 1 1 0
1  83 0 0 0.565685424949238
2  49 45 0 0 0.565685424949238
4 G1 45 0 44 0
0

0101000
+116 0 -154 0 *
Ed
 1e-07 1 1 0
1  84 0 5.49778714378214 7.06858347057704
2  50 45 0 5.49778714378214 7.06858347057704
4 C0 45 0 48 0
0

0101000
+121 0 -116 0 *
Wi

0101100
+115 0 +147 0 -119 0 +114 0 *
Fa
0  1e-07 45 0

0101000
+113 0 *
Ve
1e-07
0 8.51720097616918 2.26626450123995
0 0

0101101
*
Ed
 1e-07 1 1 0
1  85 0 0 0.565685424949238
2  51 43 0 0 0.565685424949238
4 G1 44 0 43 0
0

0101000
+111 0 -159 0 *
Ed
 1e-07 1 1 0
1  86 0 4.3 4.71720097616918
4 C0 44 0 48 0
0

0101000
+116 0 -111 0 *
Wi

0101100
+110 0 +152 0 -115 0 +109 0 *
Fa
0  1e-07 44 0

0101000
+108 0 *
Ve
1e-07
0 8.61720097616918 2.36626450123995
0 0

0101101
*
Ed
 1e-07 1 1 0
1  87 0 0 0.565685424949238
2  52 43 0 0 0.565685424949238
4 G1 43 0 42 0
0

0101000
+106 0 -164 0 *
Ed
 1e-07 1 1 0
1  88 0 5.49778714378214 7.06858347057703
2  53 43 0 5.49778714378214 7.06858347057703
4 C0 43 0 48 0
0

0101000
+111 0 -106 0 *
Wi

0101100
+105 0 +157 0 -110 0 +104 0 *
Fa
0  1e-07 43 0

0101000
+103 0 *
Ve
1e-07
0 8.61720097616918 14.812720015993
0 0

0101101
*
Ed
 1e-07 1 1 0
1  89 0 -3.23661387868827 9.20984163606478
4 C0 42 0 48 0
0

0101000
+106 0 -101 0 *
Ed
 1e-07 1 1 0
1  90 0 0 0.565685424949238
2  54 41 0 0 0.565685424949238
4 G1 42 0 41 0
0

0101000
+101 0 -169 0 *
Wi

0101100
-105 0 +100 0 +99 0 +162 0 *
Fa
0  1e-07 42 0

0101000
+98 0 *
Ve
1e-07
0 7.01720097616918 16.412720015993
0 0

0101101
*
Ed
 1e-07 1 1 0
1  91 0 0 0.56568542494924
2  55 41 0 0 0.56568542494924
4 G1 41 0 40 0
0

0101000
+96 0 -174 0 *
Ed
 1e-07 1 1 0
1  92 0 5.49778714378214 7.06858347057704
2  56 41 0 5.49778714378214 7.06858347057704
4 C0 41 0 48 0
0

0101000
+101 0 -96 0 *
Wi

0101100
+95 0 +167 0 -99 0 +94 0 *
Fa
0  1e-07 41 0

0101000
+93 0 *
Ve
1e-07
0 -7.01720097616918 16.412720015993
0 0

0101101
*
Ed
 1e-07 1 1 0
1  93 0 -2.50860048808459 11.5258014642538
4 C0 40 0 48 0
0

0101000
+96 0 -91 0 *
Ed
 1e-07 1 1 0
1  94 0 0 0.56568542494924
2  57 39 0 0 0.56568542494924
4 G1 40 0 39 0
0

0101000
+91 0 -179 0 *
Wi

0101100
-95 0 +90 0 +89 0 +172 0 *
Fa
0  1e-07 40 0

0101000
+88 0 *
Ve
1e-07
0 -8.61720097616918 14.812720015993
0 0

0101101
*
Ed
