<?xml version='1.0' encoding='utf-8'?>
<!-- FreeCAD DocumentObject -->
<Document SchemaVersion="4" FileVersion="2">
<Object name="Solid122">
  <Properties Count="8" TransientCount="1">
    <_Property name="_ElementMapVersion" type="App::PropertyString" status="234881024"/>
    <Property name="ColoredElements" type="App::PropertyLinkSubHidden" status="218103808">
      <LinkSub value="" count="0">
      </LinkSub>
    </Property>
    <Property name="ExpressionEngine" type="App::PropertyExpressionEngine" status="67108864">
      <ExpressionEngine count="0"></ExpressionEngine>
    </Property>
    <Property name="Label" type="App::PropertyString" status="134217728">
      <String value="Lever:1"/>
    </Property>
    <Property name="Label2" type="App::PropertyString" status="128">
      <String value=""/>
    </Property>
    <Property name="Placement" type="App::PropertyPlacement" status="8388608">
      <PropertyPlacement Px="0" Py="0" Pz="0" Q0="0" Q1="0" Q2="0" Q3="1" A="0" Ox="0" Oy="0" Oz="1"/>
    </Property>
    <Property name="Shape" type="Part::PropertyPartShape">
      <Part ElementMap="0.15.70200.4" brep="1">
<![CDATA[

CASCADE Topology V1, (c) Matra-Datavision
Locations 1
1
              1               0               0               0 
              0               1               0               0 
              0               0               1               0 
Curve2ds 176
1 6.283185307179588 3 -1 0 
1 5.5166595491522958 0 0 -1 
1 3.5527136788005009e-15 -18 1 0 
1 6.1277428001518466 0 0 -1 
1 12.566370614359165 -15.000000000000002 -1 0 
1 7.0497110652068615 0 0 1 
1 -1.5330515160549574 0 0 -1 
1 -2.6645352591003757e-15 0 1 0 
1 6.1277428001518466 0 0 -1 
1 -6.2831853071795845 -3.9749999999999996 1 0 
1 2.6645352591003757e-15 0 1 0 
1 12.566370614359172 0 -1 0 
1 -6.2831853071795836 0 1 0 
1 12.566370614359169 3.9749999999999996 -1 0 
1 12.566370614359172 -3.975000000000021 -1 3.4106867532337531e-15 
1 -6.2831853071795862 1.450950680331603e-14 1 -2.3066283196039055e-15 
1 1.5473872773181974 0.97499999999999964 0 1 
1 0 0 0 -1 
1 -6.2831853071795862 15.000000000000016 1 -2.3066283196039055e-15 
1 12.566370614359169 -14.025000000000002 -1 0 
1 6.0559133577393869 0 0 -1 
1 -3.5527136788005009e-15 -17.025000000000002 1 0 
1 6.5104572566197536 0 0 1 
1 5.2675101479414899 0 0 -1 
1 3.5712923197412274 0 0 1 
1 6.28318530717958 -14.025000000000002 -1 0 
1 -6.2831853071795845 14.025000000000002 1 0 
1 1.7763568394002505e-15 14.025000000000002 1 0 
1 12.566370614359172 14.025000000000002 -1 0 
1 8.8817841970012523e-16 14.025000000000002 1 0 
1 6.2831853071795889 17.025000000000002 -1 0 
1 -0.20902968817009437 0 0 -1 
1 0.20902968817011039 0 0 1 
1 6.2831853071795889 -0.97499999999999964 -1 0 
1 -0.20902968817009437 0 0 -1 
1 0.20902968817011039 0 0 1 
1 6.0559133577393869 0 0 -1 
1 -3.5527136788005009e-15 0.97499999999999964 1 0 
1 6.5104572566197536 0 0 1 
1 0 0.97499999999999964 1 0 
1 12.566370614359172 -0.97499999999999964 -1 0 
1 0 -0.9749999999999942 1 -8.7447094833586599e-16 
1 12.566370614359169 -0.97499999999999964 -1 0 
1 0.097166064634714791 0 0 -1 
1 7.2988604664176844 0 0 1 
1 1.7763568394002505e-15 16.525000000000002 1 0 
1 5.2675101479414632 0 0 -1 
1 4.251834988703374 0 0 -1 
1 8.3145356256557843 0 0 1 
1 7.2988604664176515 0 0 1 
1 0 16.525000000000002 1 0 
1 8.8817841970012523e-16 16.525000000000002 1 0 
1 6.2831853071795871 0.5 -1 0 
1 -1.1168350752225278 0 0 -1 
1 -6.2831853071795889 0 1 0 
1 1.1168350752225293 0 0 1 
1 8.5168554576246276 0 0 1 
1 12.566370614359172 0.5 -1 0 
1 12.566370614359172 0 -1 0 
1 6.2831853071795845 0.5 -1 0 
1 -1.1168350752224976 0 -3.5527136788005009e-15 -1 
1 1.1168350752225098 0 0 1 
1 8.5168554576246045 8.8817841970012523e-16 0 1 
1 12.566370614359172 0.5 -1 0 
1 4.0495151567345449 -8.8817841970012523e-16 0 -1 
1 5.1663502319570407 0 -3.5527136788005009e-15 -1 
1 12.566370614359176 0.5 -1 0 
1 7.400020382402114 0 3.9968028886505635e-15 1 
1 5.2675101479414632 0 0 -1 
1 4.251834988703374 0 0 -1 
1 12.566370614359169 -3.4749999999999996 -1 0 
1 7.2988604664176844 0 0 1 
1 12.566370614359172 -3.4750000000000023 -1 4.3723547416793299e-16 
1 8.3145356256557843 0 0 1 
1 7.2988604664176515 0 0 1 
1 5.2675101479414899 0 0 -1 
1 12.566370614359172 -3.4749999999999996 -1 0 
7 0 0  3 25 23  -1.4694995853316213 2.0506096654409873  -1.4709383103603439 2.0669708504240032  -1.4738101497726728 2.099764201989232  -1.4781011354742812 2.1491671741346683  -1.4823754062156338 2.1987830910777162  -1.4866330206697809 2.2486119528183561  -1.490874037641114 2.2986537593566112  -1.4950985160778112 2.3489085106924557  -1.4993065150583433 2.3993762068259068  -1.503498093785069 2.4500568477569669  -1.5076733115761254 2.5009504334856141  -1.5118322278579228 2.5520569640118675  -1.5159749021576481 2.6033764393357282  -1.5201013940959296 2.654908859457183  -1.524211763379629 2.7066542243762464  -1.528306069794743 2.7586125340929089  -1.5323843731994371 2.8107837886071692  -1.5364467335172129 2.863167987919041  -1.5404932107301832 2.9157651320285063  -1.5445238648725148 2.9685752209355689  -1.5485387560237518 3.0215982546402471  -1.5525379443032223 3.0748342331425147  -1.5565214898609687 3.1282831564423956  -1.5591667985417326 3.1640577351740444  -1.5604868658218649 3.1819805153394669 
 0 4 0.0064193080840578183 1 0.012838616168115637 1 0.019257924252173455 1 0.025677232336231273 1 0.032096540420289088 1 0.03851584850434691 1 0.044935156588404732 1 0.051354464672462546 1 0.057773772756520361 1 0.064193080840578176 1 0.070612388924636005 1 0.07703169700869382 1 0.083451005092751634 1 0.089870313176809463 1 0.096289621260867278 1 0.10270892934492509 1 0.10912823742898291 1 0.11554754551304072 1 0.12196685359709855 1 0.12838616168115635 1 0.13480546976521418 1 0.14122477784927201 4
1 0.78539816339744828 0.56568542494925234 0 -1 
1 6.2831853071795862 0.56568542494924934 -1 -4.7354925257345694e-15 
1 6.283185307179588 -4.3499999999999925 -1 2.2617277734851648e-15 
1 -0.78539816339744828 0.56568542494921337 -7.8504622934190511e-16 -1 
1 -6.2831853071795862 -0.56568542494928598 1 8.8348741151764358e-15 
1 7.0685834705770345 0.56568542494924856 0 -1 
1 12.566370614359172 0.56568542494917973 -1 6.3611093629270335e-15 
1 -8.8817841970012523e-16 4.3499999999999641 1 2.2617277734851636e-15 
1 5.497787143782138 0.56568542494922469 0 -1 
1 -8.8817841970012523e-16 -0.56568542494918039 1 -8.0574051930409051e-15 
7 0 0  3 25 23  7.8436721730014511 3.1819805153394669  7.8423521057213179 3.1640577351740431  7.839706797040555 3.1282831564423965  7.8357232514828103 3.0748342331425231  7.8317240632033363 3.021598254640252  7.8277091720521028 2.9685752209355813  7.8236785179097694 2.9157651320285201  7.8196320406967992 2.8631679879190464  7.815569680379026 2.8107837886071865  7.811491376974331 2.7586125340929217  7.8073970705592179 2.7066542243762606  7.8032867012755212 2.6549088594572017  7.7991602093372334 2.6033764393357428  7.7950175350375108 2.55205696401188  7.7908586187557152 2.5009504334856296  7.7866834009646562 2.4500568477569757  7.7824918222379296 2.3993762068259228  7.7782838232573965 2.3489085106924694  7.7740593448207029 2.2986537593566219  7.7698183278493662 2.2486119528183677  7.7655607133952227 2.1987830910777211  7.7612864426538639 2.1491671741346754  7.7569954569522599 2.0997642019892337  7.7541236175399302 2.0669708504240032  7.7526848925112075 2.0506096654409873 
 0 4 0.0064193080840578183 1 0.012838616168115637 1 0.019257924252173455 1 0.025677232336231273 1 0.032096540420289088 1 0.03851584850434691 1 0.044935156588404732 1 0.051354464672462546 1 0.057773772756520361 1 0.064193080840578176 1 0.070612388924636005 1 0.07703169700869382 1 0.083451005092751634 1 0.089870313176809463 1 0.096289621260867278 1 0.10270892934492509 1 0.10912823742898291 1 0.11554754551304072 1 0.12196685359709855 1 0.12838616168115635 1 0.13480546976521418 1 0.14122477784927201 4
1 7.0685834705770354 0 0 1 
1 12.566370614359172 2.0506096654409935 -1 -1.3268443632066305e-15 
1 5.497787143782138 1.0658141036401503e-14 0 -1 
1 12.566370614359172 -0.95000000000023732 -1 6.7851833204555062e-15 
1 6.2831853071795862 0.5656854249491623 -1 8.4814791505693778e-16 
1 -0.78539816339744739 -1.0658141036401503e-14 0 -1 
1 0.78539816339744861 0 0 1 
1 -6.2831853071795862 0.95000000000015206 1 6.7851833204555085e-15 
1 6.2831853071795862 0.56568542494916696 -1 0 
1 0 2.0506096654409856 -1 1.3268443632066305e-15 
7 0 0  1 2 2  0.80010802417396221 2.0506096654409864  0.76461419997410651 3.1819805153394656 
 0 2 0.117845831291162 2
1 0 -0.56568542494923757 0 1 
1 3.1415926535902376 -0.56568542494923757 -2.7476618026966041e-15 1 
1 6.2831853071795862 0.56568542494923946 -1 0 
1 0 13.199999999999999 1 0 
1 0 -0.56568542494923757 1 0 
7 0 0  3 25 23  1.5707963267948148 3.1819805153394647  1.5694904411684103 3.1640665440432003  1.566873553901809 3.1283087822435909  1.5629328148401802 3.0748826819229214  1.5589766074925437 3.0216671239809818  1.5550048717484213 2.9686621084177798  1.5510175475138066 2.915867635233325  1.5470145747178687 2.8632837044275998  1.5429958933188086 2.8109103160006295  1.5389614433100789 2.7587474699523744  1.5349111647265747 2.706795166282872  1.5308449976511227 2.655053404992108  1.5267628822208783 2.603522186080081  1.5226647586340478 2.5522015095467916  1.5185505671565567 2.5010913753922428  1.5144202481289737 2.4501917836164249  1.5102737419734646 2.3995027342193573  1.5061109892009394 2.3490242272010278  1.5019319304182233 2.2987562625614237  1.4977365063357384 2.248698840300571  1.4935246577737429 2.1988519604184549  1.4892963256747347 2.1492156229150741  1.4850514510933897 2.0997898277904303  1.4822104672117176 2.0669796592931631  1.4807871985953351 2.0506096654409873 
 0 4 0.0063946840853059093 1 0.012789368170611819 1 0.019184052255917728 1 0.025578736341223637 1 0.03197342042652955 1 0.038368104511835456 1 0.044762788597141362 1 0.051157472682447275 1 0.057552156767753188 1 0.0639468408530591 1 0.070341524938364999 1 0.076736209023670912 1 0.083130893108976825 1 0.089525577194282724 1 0.095920261279588637 1 0.10231494536489455 1 0.10870962945020046 1 0.11510431353550638 1 0.12149899762081227 1 0.1278936817061182 1 0.13428836579142409 1 0.14068304987673 4
1 6.2831853071795862 2.0506096654409935 -1 -1.3048414775656138e-15 
1 0 14 1 0 
7 0 0  3 25 23  4.8023981085842511 2.0506096654409873  4.8009748399678678 2.066979659293164  4.7981338560861948 2.0997898277904321  4.7938889815048515 2.1492156229150754  4.7896606494058407 2.1988519604184553  4.7854488008438505 2.248698840300567  4.7812533767613621 2.2987562625614304  4.7770743179786468 2.3490242272010247  4.7729115652061234 2.3995027342193569  4.7687650590506125 2.4501917836164293  4.7646347400230278 2.5010913753922401  4.7605205485455393 2.552201509546792  4.7564224249587079 2.603522186080085  4.7523403095284662 2.6550534049921062  4.7482741424530097 2.7067951662828715  4.7442238638695118 2.7587474699523802  4.7401894138607741 2.8109103160006299  4.7361707324617175 2.8632837044276007  4.7321677596657814 2.9158676352333281  4.7281804354311623 2.9686621084177842  4.7242086996870452 3.0216671239809818  4.7202524923394016 3.0748826819229222  4.716311753277779 3.1283087822435927  4.7136948660111759 3.1640665440432016  4.7123889803847714 3.1819805153394647 
 0 4 0.0063946840853059093 1 0.012789368170611819 1 0.019184052255917728 1 0.025578736341223637 1 0.03197342042652955 1 0.038368104511835456 1 0.044762788597141362 1 0.051157472682447275 1 0.057552156767753188 1 0.0639468408530591 1 0.070341524938364999 1 0.076736209023670912 1 0.083130893108976825 1 0.089525577194282724 1 0.095920261279588637 1 0.10231494536489455 1 0.10870962945020046 1 0.11510431353550638 1 0.12149899762081227 1 0.1278936817061182 1 0.13428836579142409 1 0.14068304987673 4
1 3.1415926535893486 -0.5656854249492389 2.7476618026966037e-15 1 
1 6.2831853071795862 -0.5656854249492389 0 1 
1 6.2831853071795862 0.56568542494923824 -1 0 
1 6.2831853071795862 0.80000000000000071 -1 0 
1 0 -0.5656854249492389 1 0 
7 0 0  1 2 2  5.5185711072054797 3.1819805153394656  5.483077283005624 2.0506096654409864 
 0 2 0.117845831291162 2
1 6.2831853071795862 2.0506096654409904 -1 -1.9572622163484206e-15 
1 12.566370614359172 0 -1 0 
7 0 0  1 2 2  7.0832933313535484 2.0506096654409873  7.0477995071536927 3.1819805153394656 
 0 2 0.117845831291162 2
1 0.78539816339744828 0.56568542494930885 0 -1 
1 -0.78539816339744828 0.56568542494916696 0 -1 
1 -6.2831853071795853 -0.56568542494919916 1 3.6753076319133993e-15 
1 0.78539816339744828 0.56568542494930885 -4.9065389333867982e-16 -1 
1 -0.78539816339744828 0.56568542494916696 7.8504622934198804e-16 -1 
1 -6.2831853071795862 -0.56568542494915963 1 -1.2015428796639958e-15 
7 0 0  1 2 2  -0.76461419997410651 3.1819805153394656  -0.80010802417396221 2.0506096654409873 
 0 2 0.117845831291162 2
1 6.2831853071795862 0 0 1 
7 0 0  3 25 23  5.5185711072054797 3.1819805153394656  5.5200425220666478 3.1626179137713231  5.5229879635622474 3.1241113820228388  5.5274139383628018 3.0670002378415417  5.5318477031093556 3.0105303348847516  5.5362892346606261 2.9546944411678848  5.5407385095263839 2.899485439424804  5.5451955038174967 2.844896341326133  5.5496601932579548 2.7909202804175735  5.5541325531803238 2.7375505108420737  5.5586125585256889 2.6847804045916117  5.5631001838424412 2.6326034492300709  5.567595403285412 2.5810132455649097  5.5720981906149909 2.5300035054054555  5.5766085191962418 2.4795680493682899  5.5811263619981339 2.4297008047403086  5.5856516915927568 2.3803958033880219  5.5901844801545142 2.331647179738062  5.5947246994597366 2.2834491687325849  5.5992723208849995 2.2357961041110519  5.6038273154101956 2.1886824157004119  5.6083896536043314 2.1421026306262485  5.6129593056758837 2.0960513601050978  5.6160105960802245 2.065699346872822  5.6175374501740478 2.0506096654409887 
 -2.5202034598193199 4 -2.5137273351958789 1 -2.5072512105724383 1 -2.5007750859489972 1 -2.4942989613255562 1 -2.4878228367021156 1 -2.4813467120786745 1 -2.4748705874552335 1 -2.4683944628317929 1 -2.4619183382083518 1 -2.4554422135849108 1 -2.4489660889614697 1 -2.4424899643380291 1 -2.4360138397145881 1 -2.429537715091147 1 -2.4230615904677064 1 -2.4165854658442654 1 -2.4101093412208243 1 -2.4036332165973837 1 -2.3971570919739427 1 -2.3906809673505016 1 -2.384204842727061 1 -2.37772871810362 4
7 0 0  3 25 23  6.9488331641846734 2.0506096654365011  6.9301197129827727 1.8657874844447897  6.8923267444564535 1.5215901236600979  6.8346103534642673 1.074764377364994  6.7759347598750699 0.6900080924868055  6.7163800352515608 0.36177587218816387  6.6560339734594089 0.085431476541436208  6.5949927232398817 -0.14273237468715264  6.533359771294962 -0.32567751228405006  6.4712451292291675 -0.46570644022932367  6.4087642436891237 -0.56454066165778993  6.3460367847825649 -0.62337360772609318  6.2831853071795862 -0.64290735073877081  6.2203338295766066 -0.6233736077260883  6.1576063706700488 -0.56454066165777972  6.0951254851300041 -0.46570644022930291  6.0330108430642104 -0.32567751228402464  5.9713778911192907 -0.14273237468712369  5.9103366408997644 0.085431476541469875  5.8499905791076126 0.36177587218821278  5.7904358544841026 0.69000809248684525  5.7317602608949052 1.0747643773650564  5.674043869902718 1.5215901236601592  5.6362509013763997 1.8657874844448552  5.617537450174499 2.0506096654365713 
 0.63145721832503698 4 0.71083319558769986 1 0.79020917285036274 1 0.86958515011302562 1 0.94896112737568838 1 1.0283371046383514 1 1.1077130819010141 1 1.1870890591636769 1 1.2664650364263399 1 1.3458410136890029 1 1.4252169909516657 1 1.5045929682143284 1 1.5839689454769914 1 1.6633449227396544 1 1.7427209000023169 1 1.8220968772649799 1 1.9014728545276429 1 1.9808488317903055 1 2.0602248090529685 1 2.1396007863156314 1 2.2189767635782944 1 2.298352740840957 1 2.37772871810362 4
7 0 0  3 25 23  6.9488331641851246 2.05060966544099  6.9503600182789418 2.065699346872766  6.953411308683271 2.0960513601049304  6.9579809607548047 2.1421026306259181  6.9625432989489271 2.1886824156999429  6.9670982934741117 2.2357961041104488  6.9716459148993613 2.2834491687318828  6.976186134204573 2.3316471797372533  6.9807189227663295 2.380395803387132  6.9852442523609426 2.4297008047393636  6.9897620951628303 2.4795680493672929  6.9942724237440821 2.5300035054044301  6.9987752110736565 2.5810132455638697  7.0032704305166309 2.6326034492290327  7.007758055833385 2.6847804045905921  7.0122380611787563 2.7375505108410971  7.0167104211011324 2.7909202804166493  7.0211751105415985 2.8448963413252821  7.0256321048327219 2.899485439424049  7.0300813796984887 2.9546944411672458  7.0345229112497707 3.0105303348842338  7.0389566759963396 3.0670002378411807  7.0433826507969099 3.1241113820226429  7.0463280922925184 3.1626179137712551  7.0477995071536927 3.1819805153394656 
 -0.63145721832503698 4 -0.62498109370159571 1 -0.61850496907815444 1 -0.61202884445471317 1 -0.6055527198312719 1 -0.59907659520783063 1 -0.59260047058438936 1 -0.58612434596094809 1 -0.57964822133750682 1 -0.57317209671406555 1 -0.56669597209062428 1 -0.56021984746718301 1 -0.55374372284374174 1 -0.54726759822030047 1 -0.5407914735968592 1 -0.53431534897341793 1 -0.52783922434997665 1 -0.52136309972653538 1 -0.51488697510309411 1 -0.50841085047965273 1 -0.50193472585621146 1 -0.49545860123277025 1 -0.48898247660932898 4
7 0 0  3 25 23  -0.76461419997410651 3.1819805153394656  -0.76314278511293754 3.1626179137713213  -0.7601973436173397 3.1241113820228357  -0.75577136881678353 3.0670002378415431  -0.75133760407023154 3.010530334884749  -0.74689607251896017 2.954694441167879  -0.74244679765320498 2.8994854394248137  -0.7379898033620913 2.8448963413261259  -0.73352511392163233 2.7909202804175712  -0.72905275399926062 2.7375505108420799  -0.7245727486538982 2.6847804045916135  -0.72008512333714414 2.6326034492300661  -0.71558990389417154 2.5810132455649222  -0.711087116564598 2.5300035054054524  -0.70657678798334356 2.4795680493682939  -0.70205894518145229 2.4297008047403179  -0.69753361558683125 2.3803958033880099  -0.69300082702507204 2.3316471797380651  -0.68846060771984785 2.2834491687325773  -0.68391298629458941 2.2357961041110546  -0.6793579917693906 2.1886824157004088  -0.67479565357525395 2.1421026306262538  -0.67022600150370248 2.096051360105097  -0.66717471109936177 2.0656993468728202  -0.66564785700553841 2.0506096654409887 
 -2.5202034598193301 4 -2.5137273351958886 1 -2.5072512105724476 1 -2.5007750859490061 1 -2.4942989613255646 1 -2.4878228367021231 1 -2.4813467120786821 1 -2.4748705874552406 1 -2.4683944628317991 1 -2.4619183382083576 1 -2.4554422135849165 1 -2.4489660889614751 1 -2.4424899643380336 1 -2.4360138397145925 1 -2.429537715091151 1 -2.4230615904677095 1 -2.416585465844268 1 -2.410109341220827 1 -2.4036332165973855 1 -2.397157091973944 1 -2.3906809673505025 1 -2.3842048427270615 1 -2.37772871810362 4
7 0 0  3 25 23  0.66564785700508722 2.0506096654365686  0.64693440580318562 1.8657874844448528  0.6091414372768682 1.5215901236601557  0.55142504628468192 1.0747643773650446  0.49274945269548454 0.69000809248683737  0.43319472807197457 0.36177587218819357  0.37284866627982094 0.085431476541456677  0.31180741606029638 -0.14273237468714578  0.25017446411537403 -0.32567751228403757  0.18805982204958038 -0.46570644022931795  0.12557893650953744 -0.56454066165778305  0.062851477602977823 -0.62337360772609329  -8.8817841970012523e-16 -0.64290735073878502  -0.062851477602980488 -0.62337360772609041  -0.12557893650953655 -0.56454066165779049  -0.18805982204958394 -0.46570644022931251  -0.25017446411537669 -0.32567751228403397  -0.31180741606029638 -0.14273237468714359  -0.37284866627982449 0.085431476541466989  -0.43319472807197634 0.3617758721881994  -0.49274945269548542 0.69000809248683781  -0.55142504628468281 1.0747643773650508  -0.60914143727686998 1.5215901236601699  -0.6469344058031874 1.8657874844448668  -0.66564785700508899 2.0506096654365784 
 0.63145721832503598 4 0.71083319558769886 1 0.79020917285036174 1 0.86958515011302473 1 0.94896112737568761 1 1.0283371046383505 1 1.1077130819010135 1 1.1870890591636765 1 1.2664650364263392 1 1.345841013689002 1 1.425216990951665 1 1.504592968214328 1 1.583968945476991 1 1.6633449227396537 1 1.7427209000023167 1 1.8220968772649795 1 1.9014728545276425 1 1.9808488317903055 1 2.0602248090529685 1 2.139600786315631 1 2.218976763578294 1 2.298352740840957 1 2.37772871810362 4
7 0 0  3 25 23  0.66564785700553841 2.05060966544099  0.66717471109935556 2.0656993468727705  0.67022600150368472 2.0960513601049335  0.67479565357521865 2.1421026306259106  0.67935799176934075 2.1886824156999412  0.68391298629452457 2.235796104110451  0.68846060771977513 2.2834491687318748  0.69300082702498733 2.3316471797372529  0.69753361558674254 2.3803958033871293  0.70205894518135659 2.4297008047393587  0.70657678798324475 2.4795680493672996  0.71108711656449575 2.5300035054044177  0.71558990389407051 2.581013245563879  0.72008512333704489 2.6326034492290327  0.7245727486537995 2.6847804045905939  0.72905275399916969 2.7375505108410945  0.73352511392154562 2.7909202804166471  0.73798980336201259 2.8448963413252821  0.74244679765313504 2.8994854394240535  0.74689607251890244 2.9546944411672409  0.75133760407018468 3.0105303348842343  0.75577136881675266 3.0670002378411754  0.7601973436173235 3.1241113820226416  0.76314278511293243 3.1626179137712551  0.76461419997410651 3.1819805153394656 
 -0.63145721832503598 4 -0.62498109370159471 1 -0.61850496907815355 1 -0.61202884445471228 1 -0.60555271983127112 1 -0.59907659520782985 1 -0.59260047058438858 1 -0.58612434596094742 1 -0.57964822133750615 1 -0.57317209671406488 1 -0.56669597209062372 1 -0.56021984746718245 1 -0.55374372284374129 1 -0.54726759822030002 1 -0.54079147359685875 1 -0.53431534897341759 1 -0.52783922434997632 1 -0.52136309972653505 1 -0.51488697510309389 1 -0.50841085047965262 1 -0.50193472585621146 1 -0.49545860123277019 1 -0.48898247660932898 4
1 0 0 1 0 
1 -8.8817841970012523e-16 0 1 0 
1 6.2831853071795862 4.4999999999999005 -1 0 
1 6.2831853071795862 4.4999999999999005 -1 0 
1 6.2831853071795862 4.4999999999999005 -1 0 
1 6.2831853071795862 4.4999999999999005 -1 0 
1 -8.8817841970012523e-16 4.1999999999998998 1 0 
1 5.1367786889778486 3.8999999999999009 0 1 
1 6.2831853071795862 0 0 1 
1 3.1415926535897789 0 0 1 
1 4.2879992717920921 3.8999999999999009 0 1 
1 5.1367786889770661 3.8999999999999009 0 1 
1 6.2831853071795862 0 0 1 
1 3.1415926535897789 0 0 1 
1 4.2879992717910875 3.8999999999999009 0 1 
1 0 4.1999999999998998 1 0 
1 6.2831853071795862 6.9000000000000004 -1 0 
1 6.2831853071795862 6.9000000000000004 -1 0 
1 6.2831853071795862 3.8999999999999009 -1 0 
1 6.2831853071795862 3.8999999999999009 -1 0 
7 0 0  3 25 23  -1.5604868658218631 3.1819805153394669  -1.5604734349484808 3.1641098960671727  -1.5604465201171971 3.1284377096421228  -1.5604059876604675 3.075135400415522  -1.5603652940406842 3.0220378720742671  -1.5603244382941392 2.96914394761568  -1.5602834194502178 2.9164524581352071  -1.5602422365303159 2.8639622439025665  -1.5602008885480574 2.8116721539652598  -1.5601593745091131 2.7595810461479187  -1.5601176934111667 2.7076877869467095  -1.5600758442438218 2.6559912514532247  -1.5600338259884987 2.6044903232714365  -1.5599916376183955 2.5531838944379275  -1.5599492780983626 2.5020708653421884  -1.5599067463848391 2.4511501446482153  -1.559864041425767 2.4004206492165174  -1.5598211621604969 2.3498813040285516  -1.5597781075197092 2.2995310421059463  -1.559734876425301 2.249368804453836  -1.5596914677903841 2.199393539917422  -1.5596478805188765 2.1496042053672699  -1.5596041135065759 2.0999997646607391  -1.5595748149266733 2.0670527163372285  -1.5595601353082671 2.05060966544099 
 0.80390787420567 4 0.80977721153270033 1 0.81564654885973054 1 0.82151588618676086 1 0.82738522351379107 1 0.83325456084082139 1 0.8391238981678516 1 0.84499323549488192 1 0.85086257282191213 1 0.85673191014894245 1 0.86260124747597278 1 0.86847058480300299 1 0.8743399221300332 1 0.88020925945706352 1 0.88607859678409384 1 0.89194793411112405 1 0.89781727143815437 1 0.90368660876518458 1 0.90955594609221491 1 0.91542528341924512 1 0.92129462074627544 1 0.92716395807330576 1 0.93303329540033597 4
7 0 0  3 25 23  -1.5595601353082671 2.05060966544099  -1.5594922818622319 1.9746058214106599  -1.5593554934943175 1.8241380264032261  -1.559146984729705 1.6029240431003671  -1.5589350690117527 1.3860637520065946  -1.5587196619437238 1.1734303007900571  -1.5585006765923284 0.9649012136206222  -1.5582780230407938 0.76035883674605165  -1.5580516083542131 0.55968993475250906  -1.5578213364265592 0.36278553043228484  -1.5575871078510692 0.16954069436598096  -1.5573488197754886 -0.020145637999991018  -1.5571063657520172 -0.20637084351988677  -1.5568596355786548 -0.38922877776288134  -1.5566085151323286 -0.56880993279743575  -1.5563528861928315 -0.74520158645295698  -1.5560926262576258 -0.91848794385053589  -1.5558276083451013 -1.0887502710373445  -1.5555577007920585 -1.2560670234857019  -1.5552827670207483 -1.4205139612691968  -1.5550026653643272 -1.5821642834122753  -1.5547172486152219 -1.7410886619508963  -1.5544263645447591 -1.8973556232360795  -1.5542286900021871 -1.9998056129775381  -1.5541288884268223 -2.0506096654409651 
 0 4 0.017933707470937862 1 0.035867414941875723 1 0.053801122412813582 1 0.071734829883751447 1 0.089668537354689312 1 0.10760224482562716 1 0.12553595229656503 1 0.14346965976750289 1 0.16140336723844076 1 0.17933707470937862 1 0.19727078218031649 1 0.21520448965125433 1 0.23313819712219219 1 0.25107190459313006 1 0.26900561206406792 1 0.28693931953500579 1 0.30487302700594365 1 0.32280673447688152 1 0.34074044194781938 1 0.35867414941875725 1 0.37660785688969511 1 0.39454156436063298 4
1 -6.2831853071795862 -2.05060966544099 1 0 
1 12.566370614359172 16.900000000000002 -1 0 
1 1.5707963267946239 -1.7763568394002505e-15 6.025760246840429e-14 1 
1 4.7123889803849623 0 6.0257602468404328e-14 -1 
1 0 -2.0506096654409882 1 0 
1 0 -2.8999999999999995 1 0 
7 0 0  3 25 23  7.8373141956064094 -2.0506096654409856  7.8374144196894067 -1.9995905266199463  7.837612884440234 -1.8967228148250901  7.8379047975836702 -1.7398689118656356  7.8381910955270673 -1.5803994755678628  7.838471938232944 -1.4182483862787094  7.8387474802671715 -1.2533474951311141  7.8390178702450717 -1.0856262649534203  7.8392832513229207 -0.9150117403075857  7.8395437613905017 -0.7414284227623652  7.8397995333260218 -0.56479816458052512  7.8400506952176849 -0.38504005006183378  7.8402973705786936 -0.2020702723228758  7.8405396785493613 -0.015802002926467211  7.8407777340890172 0.17385474545272675  7.841011648157771 0.36699326404037474  7.8412415278889913 0.56371030072491501  7.841467476752408 0.7641062225127101  7.8416895947111476 0.96828518299864208  7.8419079783624035 1.1763553150244292  7.8421227211025499 1.3884288761770576  7.8423339131667502 1.6046226202922442  7.8425416421042993 1.8250573789038838  7.8426778750997057 1.9749262251670023  7.8427454424878533 2.05060966544099 
 0 4 0.018642778948139819 1 0.037285557896279638 1 0.05592833684441946 1 0.074571115792559275 1 0.093213894740699091 1 0.11185667368883892 1 0.13049945263697874 1 0.14914223158511855 1 0.16778501053325837 1 0.18642778948139818 1 0.205070568429538 1 0.22371334737767784 1 0.24235612632581766 1 0.26099890527395747 1 0.27964168422209729 1 0.2982844631702371 1 0.31692724211837692 1 0.33557002106651673 1 0.35421280001465655 1 0.37285557896279636 1 0.39149835791093618 1 0.41014113685907599 4
7 0 0  3 25 23  7.8427454424878533 2.05060966544099  7.8427600942801705 2.0670215475419611  7.8427893399621453 2.0999088552592395  7.8428330357939684 2.1494315682785756  7.8428765599546697 2.1991471502165614  7.8429199134532919 2.2490567305260551  7.8429630972917517 2.2991614466191077  7.843006112463959 2.349462445053121  7.843048959956108 2.3999608813235511  7.8430916407467137 2.4506579200314298  7.8431341558067009 2.5015547349516489  7.8431765060994625 2.5526525091293117  7.8432186925809351 2.6039524349697829  7.8432607161996888 2.6554557143319348  7.8433025778969725 2.7071635586217857  7.8433442786068071 2.7590771888877628  7.8433858192560164 2.8111978359161287  7.8434272007643662 2.8635267403302875  7.8434684240445609 2.9160651526822123  7.8435094900023321 2.9688143335778032  7.8435503995365634 3.0217755536818549  7.8435911535391325 3.0749500941776815  7.8436317528957957 3.128339245536075  7.8436587166206886 3.1640759569115611  7.8436721730014511 3.1819805153394669 
 0.80790591710528403 4 0.81341775159771446 1 0.81892958609014499 1 0.82444142058257541 1 0.82995325507500584 1 0.83546508956743626 1 0.84097692405986679 1 0.84648875855229722 1 0.85200059304472764 1 0.85751242753715806 1 0.8630242620295886 1 0.86853609652201902 1 0.87404793101444944 1 0.87955976550687986 1 0.8850715999993104 1 0.89058343449174082 1 0.89609526898417124 1 0.90160710347660178 1 0.9071189379690322 1 0.91263077246146262 1 0.91814260695389316 1 0.92365444144632358 1 0.929166275938754 4
1 3.141592653589798 0 0 1 
1 6.2831853071795862 0 0 1 
1 6.2831853071795853 3.8999999999999009 -1 0 
1 6.2831853071795862 0 0 1 
1 3.1415926535900653 0 0 1 
1 6.2831853071795862 3.8999999999999009 -1 0 
1 3.141592653589365 0 0 1 
1 3.1415926535897931 0 0 -1 
1 9.4247779607693793 0 0 -1 
1 7.8373141956064094 0 0 -1 
1 0 17.025000000000016 1 -2.2737911688225024e-15 
1 4.7123889803850858 0 0 1 
1 7.8373141956064094 0 0 -1 
1 4.7123889803850858 0 0 1 
Curves 230
2 -6.5999999999999996 -8.7000000000026692 -5.2962250707460399 -1 5.5057141571036499e-21 8.3266726844376201e-16 5.7757266455961746e-16 0.72032487429516123 0.69363684696796524 -5.9978712650523994e-16 0.69363684696796524 -0.72032487429516123 0.20000000000000001
1 -9.5999999999999996 -8.5000000000026699 -5.2962250707459599 -1 0 0 
2 -27.600000000000001 -8.7000000000026692 -5.2962250707460399 1 -5.5057141571036499e-21 -8.3266726844376201e-16 5.7757266455961746e-16 0.72032487429516123 0.69363684696796524 5.9978712650523994e-16 -0.69363684696796524 0.72032487429516123 0.20000000000000001
1 -9.5999999999999996 -8.5361946044392703 -5.1814740690758203 -1 0 0 
2 -24.600000000000001 -8.7000000000026692 -5.2962250707460399 -1 5.5057141571036499e-21 8.4606201981071896e-16 5.8686375766371334e-16 0.72032487429516123 0.69363684696796524 -6.0943569909985812e-16 0.69363684696796524 -0.72032487429516123 0.20000000000000001
1 -9.5999999999999996 -8.6924528301912503 -5.0963675209065702 1 0 0 
2 -9.5999999999999996 -8.7000000000026692 -5.2962250707460399 1 1.22459174200578e-16 -8.4606201981071896e-16 4.9864940249853463e-16 0.72032487429516123 0.69363684696796524 6.9438171354085605e-16 -0.69363684696796524 0.72032487429516123 0.20000000000000001
1 -9.5999999999999996 -8.5361946044392703 -5.1814740690758203 -1 0 0 
1 -6.5999999999999996 -7.7600000072260498 -3.4342597200272 7.6095897455284695e-16 0.40598772435389102 0.91387853004321595 
2 -6.5999999999999996 -7.7000000000000002 -2.8065739474785998 -1 5.5057141571036499e-21 8.3266726844376201e-16 -1.7278207088041279e-16 0.97823272538880446 -0.20751080689542908 -8.1454351384697978e-16 -0.20751080689542908 -0.97823272538880446 0.20000000000000001
1 -6.5999999999999996 -7.5000000000000098 -0.62449979983985304 -8.326672684437621e-16 9.7777879784818303e-15 -1 
2 -6.5999999999999996 -7.7000000000000002 -1.0246950765959599 -1 5.5057141571036499e-21 8.3266726844376201e-16 7.4833467244728942e-16 0.43852900965350494 0.89871703427292193 -3.6514380452243328e-16 0.89871703427292193 -0.43852900965350494 0.20000000000000001
2 -6.5999999999999996 -8.5000000000000107 -1.78695442288642e-14 1 -5.5057141571036499e-21 -8.3266726844376201e-16 -5.5057141571036499e-21 -1 -1.323067248502471e-38 -8.3266726844376201e-16 4.5976586405126703e-36 -1 1.0999999999999901
2 -6.5999999999999996 -7.7000000000000304 1.0246950765959499 -1 5.5057141571036499e-21 8.3266726844376201e-16 -7.4832984361652622e-16 0.43852900965352903 -0.89871703427291016 -3.6515370068065098e-16 -0.89871703427291016 -0.43852900965352903 0.20000000000000001
1 -6.5999999999999996 -7.5000000000000302 0.62429145203703795 8.326672684437621e-16 2.9590163532888399e-16 1 
2 -6.5999999999999996 -7.7000000000000304 2.8027460834097799 -1 5.5057141571036499e-21 8.3266726844376201e-16 1.8762234219962386e-16 0.9742847053077297 0.22532046734247291 -8.1125374370503595e-16 0.22532046734247291 -0.9742847053077297 0.20000000000000001
1 -6.5999999999999899 -7.2753353764239703 2.3892540018546802 7.481169607871454e-16 -0.43905257024912209 0.89846137399313941 
1 -6.5999999999999899 -8.5999999999999908 2.54979165219719 8.326672684437621e-16 -2.9463611038129203e-15 1 
2 -6.5999999999999996 -8.4999999999999893 2.4980018054066002e-13 1 -5.5057141571036499e-21 -8.3266726844376201e-16 -5.5057141571036499e-21 -1 4.5844279680276456e-36 -8.3266726844376201e-16 0 -1 6
1 -6.5999999999999996 -8.5000000000036593 -3.00020834780215 8.326672684437621e-16 -4.29691004999557e-13 1 
2 -9.5999999999999996 -8.5 0 -1 -1.22459174200578e-16 8.4606201981071896e-16 1.22459174200578e-16 -1 -1.0360805626849371e-31 8.4606201981071896e-16 0 1 5.0999999999999996
1 -10.574999999999999 -8.61937524902104 5.0986027056362397 -1 0 0 
2 -24.600000000000001 -8.5 0 -1 5.5057141571036499e-21 8.4606201981071896e-16 -5.5057141571036499e-21 -1 4.6581756402595844e-36 8.4606201981071896e-16 0 1 5.0999999999999996
2 -24.600000000000001 -7.7000000000000304 2.8027460834097799 -1 5.5057141571036499e-21 8.4606201981071896e-16 1.9064045383756282e-16 0.9742847053077297 0.22532046734247291 -8.2430404509326186e-16 0.22532046734247291 -0.9742847053077297 0.20000000000000001
1 -10.574999999999999 -7.5000000000000302 2.8027460834097799 -1 0 0 
2 -27.600000000000001 -7.7000000000000304 2.8027460834097799 1 -5.5057141571036499e-21 -8.3266726844376201e-16 1.8762234219962386e-16 0.9742847053077297 0.22532046734247291 8.1125374370503595e-16 -0.22532046734247291 0.9742847053077297 0.20000000000000001
1 -10.574999999999999 -7.5203077252014001 2.8905565974596001 1 0 0 
1 -24.600000000000001 -7.5000000000000302 1.4244997998398601 -8.4606201981071896e-16 -2.9590163532888399e-16 -1 
1 -10.574999999999999 -7.5000000000000302 1.61245154965973 1 0 0 
1 -27.100000000000001 -7.5000000000000204 0.22912878474780099 8.326672684437621e-16 -9.7777879784818303e-15 1 
1 -27.600000000000001 -7.5000000000000204 0.45825756949559099 1 0 -7.5697024406261109e-16 
1 -27.600000000000001 -7.5000000000000302 1.2489995996797001 -8.326672684437621e-16 9.7777879784818303e-15 -1 
1 -24.600000000000001 -7.7820449528771301 3.4261662377112398 7.6015162750459732e-16 -0.43905257024912209 0.89846137399313941 
2 -24.600000000000001 -8.6240566313355895 5.2985479097788399 -1 5.5057141571036499e-21 8.4606201981071896e-16 -8.458300874699987e-16 0.023406911572754097 -0.99972602071298777 -1.9809203088480689e-17 -0.99972602071298777 -0.023406911572754097 0.20000000000000101
1 -24.600000000000001 -7.2228368480276304 -2.2251052336375801 -7.7320015024237613e-16 -0.40598772435389102 -0.91387853004321595 
2 -24.600000000000001 -7.7000000000000002 -2.8065739474785998 -1 5.5057141571036499e-21 8.4606201981071896e-16 -1.7556162654473368e-16 0.97823272538880446 -0.20751080689542908 -8.2764669798258354e-16 -0.20751080689542908 -0.97823272538880446 0.20000000000000001
1 -24.600000000000001 -7.5 -0.62449979983983595 -8.4606201981071896e-16 0 -1 
2 -24.600000000000001 -7.7000000000000002 -1.61245154965971 -1 5.5057141571036499e-21 8.4606201981071896e-16 7.190173598869075e-16 0.52704627669473592 0.84983658559879383 -4.4590915843674672e-16 0.84983658559879383 -0.52704627669473592 0.20000000000000001
2 -24.600000000000001 -8.4999999999999893 4.7704895589362201e-17 1 -5.5057141571036499e-21 -8.4606201981071896e-16 -5.5057141571036499e-21 -1 4.6581756402595844e-36 -8.4606201981071896e-16 0 -1 1.6000000000000001
2 -24.600000000000001 -7.7000000000000304 1.61245154965973 -1 5.5057141571036499e-21 8.4606201981071896e-16 -7.1901155635461118e-16 0.52704627669474013 -0.84983658559879116 -4.4591851635139143e-16 -0.84983658559879116 -0.52704627669474013 0.20000000000000001
2 -27.600000000000001 -7.7000000000000002 -2.8065739474785998 1 -5.5057141571036499e-21 -8.3266726844376201e-16 -1.7278207088041279e-16 0.97823272538880446 -0.20751080689542908 8.1454351384697978e-16 0.20751080689542908 0.97823272538880446 0.20000000000000001
1 -10.574999999999999 -7.5 -2.8065739474785998 1 0 0 
1 -10.574999999999999 -7.5172242939913598 -2.8877714923493798 -1 0 0 
1 -27.600000000000001 -7.2600000072246598 -2.3087595198670399 7.6095897455284695e-16 0.40598772435389102 0.91387853004321595 
2 -9.5999999999999996 -7.7000000000000002 -2.8065739474785998 1 1.22459174200578e-16 -8.4606201981071896e-16 -2.9536058414159255e-16 0.97823272538880446 -0.20751080689542908 8.0223395343728647e-16 0.20751080689542908 0.97823272538880446 0.20000000000000001
1 -10.574999999999999 -7.5 -2.8065739474785998 1 0 0 
1 -10.574999999999999 -7.5172242939913598 -2.8877714923493798 -1 0 0 
1 -9.5999999999999996 -7.2228368480276304 -2.2251052336375801 7.2348099353006498e-16 0.40598772435389102 0.91387853004321595 
1 -10.574999999999999 -7.5000000000000302 2.8027460834097799 -1 0 0 
2 -9.5999999999999996 -7.7000000000000304 2.8027460834097799 1 1.22459174200578e-16 -8.4606201981071896e-16 7.1324989256229676e-17 0.9742847053077297 0.22532046734247291 8.5189784400459637e-16 -0.22532046734247291 0.9742847053077297 0.20000000000000001
1 -10.574999999999999 -7.5203077252014001 2.8905565974596001 1 0 0 
1 -9.5999999999999996 -7.7820449528771203 3.4261662377112301 -8.1392005998589823e-16 0.43905257024912209 -0.89846137399313941 
1 -10.574999999999999 -8.5999999999999996 5.0999999999999996 -1 0 0 
2 -9.5999999999999996 -8.6240566313355895 5.2985479097788399 1 1.22459174200578e-16 -8.4606201981071896e-16 -8.4869660740354853e-16 0.023406911572754097 -0.99972602071298777 -1.026219240405672e-16 0.99972602071298777 0.023406911572754097 0.20000000000000101
1 -9.5999999999999996 -7.5000000000000302 1.4244997998398501 8.4606201981071896e-16 2.9590163532888399e-16 1 
2 -9.5999999999999996 -7.7000000000000304 1.61245154965973 1 1.22459174200578e-16 -8.4606201981071896e-16 -7.8355610993028537e-16 0.52704627669474013 -0.84983658559879116 3.4184355091620406e-16 0.84983658559879116 0.52704627669474013 0.20000000000000001
2 -9.5999999999999996 -8.4999999999999893 4.7704895589362201e-17 -1 -1.22459174200578e-16 8.4606201981071896e-16 1.22459174200578e-16 -1 -1.0360805626849371e-31 8.4606201981071896e-16 0 1 1.6000000000000001
2 -9.5999999999999996 -7.7000000000000002 -1.61245154965971 1 1.22459174200578e-16 -8.4606201981071896e-16 6.544728063112338e-16 0.52704627669473592 0.84983658559879383 5.4998412387193439e-16 -0.84983658559879383 0.52704627669473592 0.20000000000000001
1 -9.5999999999999996 -7.5 -0.62449979983984205 8.4606201981071896e-16 0 1 
1 -10.574999999999999 -8.5999999999999996 5.0999999999999996 -1 0 0 
1 -27.600000000000001 -7.8253353764239604 3.5147542020148301 -7.481169607871454e-16 0.43905257024912209 -0.89846137399313941 
1 -10.574999999999999 -8.5999999999999996 5.0999999999999996 -1 0 0 
1 -10.574999999999999 -7.5 -1.61245154965971 -1 0 0 
2 -27.100000000000001 -7.7000000000000002 -1.61245154965971 -1 5.5057141571036499e-21 8.3266726844376201e-16 7.0763401012026805e-16 0.52704627669473592 0.84983658559879383 -4.3884950460154035e-16 0.84983658559879383 -0.52704627669473592 0.20000000000000001
1 -10.574999999999999 -7.7888888888888896 -1.43329026636419 1 0 0 
1 -10.574999999999999 -7.7888888888889101 1.4332902663642 -1 0 0 
2 -27.100000000000001 -8.4999999999999893 4.7704895589362201e-17 -1 5.5057141571036499e-21 8.3266726844376201e-16 -5.5057141571036499e-21 -1 4.5844279680276456e-36 8.3266726844376201e-16 0 1 1.6000000000000001
