<?xml version='1.0' encoding='utf-8'?>
<!-- FreeCAD DocumentObject -->
<Document SchemaVersion="4" FileVersion="2">
<Object name="Solid009">
  <Properties Count="8" TransientCount="1">
    <_Property name="_ElementMapVersion" type="App::PropertyString" status="234881024"/>
    <Property name="ColoredElements" type="App::PropertyLinkSubHidden" status="218103808">
      <LinkSub value="" count="0">
      </LinkSub>
    </Property>
    <Property name="ExpressionEngine" type="App::PropertyExpressionEngine" status="67108864">
      <ExpressionEngine count="0"></ExpressionEngine>
    </Property>
    <Property name="Label" type="App::PropertyString" status="134217728">
      <String value="MGN9-Rail:1"/>
    </Property>
    <Property name="Label2" type="App::PropertyString" status="128">
      <String value=""/>
    </Property>
    <Property name="Placement" type="App::PropertyPlacement" status="8388608">
      <PropertyPlacement Px="-194.415099302404" Py="133.90004591693" Pz="195.580139896577" Q0="0" Q1="0" Q2="0" Q3="1" A="0" Ox="0" Oy="0" Oz="1"/>
    </Property>
    <Property name="Shape" type="Part::PropertyPartShape">
      <Part ElementMap="0.15.70200.4" brep="1">
<![CDATA[

CASCADE Topology V1, (c) Matra-Datavision
Locations 1
1
              1 1.72699009943066e-30 4.91273688396631e-15 -194.415099302404 
1.23259516440748e-32               1 -3.54042174892643e-16 133.90004591693 
-4.91273688396631e-15 3.54042174892643e-16               1 195.580139896577 
Curve2ds 112
1 8.1933367813863569 -149.9999843555581 -1 0 
1 -1.7763568394002505e-15 -149.9999843555581 1 0 
1 6.2831853071795862 -149.9999843555581 -1 0 
1 -7.1054273576010019e-15 -149.9999843555581 1 0 
1 2.6645352591003757e-15 -149.9999843555581 1 0 
1 6.2831853071795862 -149.9999843555581 -1 0 
1 3.5527136788005009e-15 -149.9999843555581 1 0 
1 8.1933367813863569 -149.9999843555581 -1 0 
1 8.8817841970012523e-15 -149.9999843555581 1 0 
1 6.2831853071795862 -149.9999843555581 -1 0 
1 1.7763568394002505e-15 -149.9999843555581 1 0 
1 6.2172489379008766e-15 -149.9999843555581 1 0 
1 6.2831853071795862 -149.9999843555581 -1 0 
1 1.7763568394002505e-15 -149.9999843555581 1 0 
1 5.2005026061479303 0 0 -1 
1 6.2831853071795862 0 0 -1 
1 6.2831853071795862 0 0 -1 
1 6.2831853071795862 0 -1 0 
1 6.2831853071795862 0 -1 0 
1 5.7394986612963823 0 0 -1 
1 5.2513848462945578 0 0 -1 
1 6.2831853071795862 0 0 -1 
1 6.2831853071795862 0 -1 0 
1 8.1933367813863605 0 0 -1 
1 8.1933367813863569 0 -1 0 
1 4.373033832972812 0 0 -1 
1 5.2513845586254559 0 0 -1 
1 6.2831853071795862 0 0 -1 
1 6.2831853071795862 0 0 -1 
1 6.2831853071795862 0 -1 0 
1 6.2831853071795862 0 -1 0 
1 5.7394985497157229 0 0 -1 
1 5.2005028918431337 0 0 -1 
1 6.2831853071795862 0 0 -1 
1 6.2831853071795862 0 -1 0 
1 0 0 1 0 
1 0 0 1 0 
1 0 0 1 0 
1 0 0 1 0 
1 0 0 1 0 
1 0 0 1 0 
1 0 0 1 0 
1 6.2831853071795862 6.5000000199999999 -1 0 
1 6.2831853071795862 6.5000000199999999 -1 0 
1 6.2831853071795862 -6.5000000199999999 -1 0 
1 6.2831853071795862 -6.5000000199999999 -1 0 
1 6.2831853071795862 6.5000000199999999 -1 0 
1 6.2831853071795862 6.5000000199999999 -1 0 
1 6.2831853071795862 6.5000000199999999 -1 0 
1 9.4247779607693793 0 0 1 
1 3.1415926535897931 0 0 1 
1 0 3 1 0 
1 6.2831853071795862 3 -1 0 
1 9.4247779607693793 0 0 1 
1 3.1415926535897931 0 0 1 
1 0 3 1 0 
1 6.2831853071795862 3 -1 0 
1 -3.1415926535897931 0 0 -1 
1 3.1415926535897931 0 0 -1 
1 -3.1415926535897931 0 0 -1 
1 3.1415926535897931 0 0 -1 
1 6.2831853071795862 0 -1 0 
1 6.2831853071795862 0 -1 0 
1 6.2831853071795862 0 -1 0 
1 8.1933367813863569 0 -1 0 
1 6.2831853071795862 0 -1 0 
1 6.2831853071795862 0 -1 0 
1 6.2831853071795862 0 -1 0 
1 3.1415926535897931 0 0 1 
1 -3.1415926535897931 0 0 1 
1 6.2831853071795862 -3 -1 0 
1 3.1415926535897931 0 0 1 
1 -3.1415926535897931 0 0 1 
1 6.2831853071795862 -3 -1 0 
1 0 -3 1 0 
1 3.1415926535897931 0 0 -1 
1 9.4247779607693793 0 0 -1 
1 0 -3 1 0 
1 3.1415926535897931 0 0 -1 
1 9.4247779607693793 0 0 -1 
1 8.1933367813863605 0 0 -1 
1 6.2831853071795862 0 0 -1 
1 5.2513848462945729 0 0 -1 
1 5.7394986612964001 0 0 -1 
1 6.2831853071795862 0 0 -1 
1 6.2831853071795862 0 0 -1 
1 5.2005026061479107 0 0 -1 
1 -3.1415926535897931 0 0 -1 
1 3.1415926535897931 0 0 -1 
1 6.2831853071795862 3 -1 0 
1 -3.1415926535897931 0 0 -1 
1 3.1415926535897931 0 0 -1 
1 6.2831853071795862 3 -1 0 
1 0 3 1 0 
1 9.4247779607693793 0 0 1 
1 3.1415926535897931 0 0 1 
1 0 3 1 0 
1 9.4247779607693793 0 0 1 
1 3.1415926535897931 0 0 1 
1 0 3 1 0 
1 6.2831853071795862 3 -1 0 
1 9.4247779607693793 0 0 1 
1 3.1415926535897931 0 0 1 
1 -3.1415926535897931 0 0 -1 
1 3.1415926535897931 0 0 -1 
1 4.3730338329728111 0 0 -1 
1 5.2513845586254773 0 0 -1 
1 6.2831853071795862 0 0 -1 
1 6.2831853071795862 0 0 -1 
1 5.7394985497156963 0 0 -1 
1 5.2005028918430458 0 0 -1 
1 6.2831853071795862 0 0 -1 
Curves 303
2 -3.51966759129298 -49.999984355558098 4.4558390650000002 0 -1 0 -0.33287908505913799 -0 -0.94296951951279495 0.94296951951279495 0 -0.33287908505913799 0.45000000129298101
1 -1.9747976199999999 -49.999984355558098 4.0315027800000003 1 0 0 
2 -3.9495952272997799 -49.999984355558098 3.9015027568864999 0 1 0 -9.7693989360859528e-08 0 0.99999999999999523 0.99999999999999523 -0 9.7693989360859528e-08 0.13000002311349801
2 -4.8764778446814399 -49.999984355558098 4.4558390906038703 0 -1 0 0.46896094881337691 0 -0.8832189017950518 0.8832189017950518 0 0.46896094881337691 0.95000004970293295
2 -4.3700000335996201 -49.999984355558098 3.5019626511920801 0 1 0 -0.46896078582525302 0 0.88321898833650603 0.88321898833650603 -0 0.46896078582525302 0.129999966400381
1 -4.5 -49.999984355558098 1.8250000049999999 0 0 1 
1 -3.8875000024999999 -49.999984355558098 -0.21249999750000201 -0.70710678118654802 0 0.70710678118654702 
1 2.0499999999999998 -49.999984355558098 0 -1 0 0 
1 4.0875000024999997 -49.999984355558098 -0.012499997499999801 -0.70710678118654802 0 -0.70710678118654702 
1 4.5 -49.999984355558098 3.3759813200000002 0 0 -1 
2 4.3700000027138897 -49.999984355558098 3.5019626326219 0 1 0 0.99999999999999978 0 -2.0168475857779997e-08 -2.0168475857779997e-08 0 -0.99999999999999978 0.129999997286109
2 4.8764777087010502 -49.999984355558098 4.4558389475223699 0 -1 0 -0.85822462024118473 -0 -0.5132742943221239 0.5132742943221239 0 -0.85822462024118473 0.94999985956115796
2 3.9495952459982702 -49.999984355558098 3.90150278985683 0 1 0 0.85822463431618023 -0 0.5132742707879081 0.5132742707879081 0 -0.85822463431618023 0.12999999014317301
1 1.8347315900000001 -49.999984355558098 4.0315027800000003 1 0 0 
2 3.51966759129298 -49.999984355558098 4.4558390650000002 0 -1 0 0.33287908505913799 0 0.94296951951279495 -0.94296951951279495 0 0.33287908505913799 0.45000000129298101
1 1.9747976199999999 -49.999984355558098 4.88017535 -1 0 0 
2 3.9495952272997799 -49.999984355558098 5.0101753731135004 0 1 0 9.7693992776928423e-08 0 -0.99999999999999523 -0.99999999999999523 0 -9.7693992776928423e-08 0.13000002311350001
2 4.8764778446814798 -49.999984355558098 4.4558390393960998 0 -1 0 -0.46896094881338801 0 0.88321890179504603 -0.88321890179504603 -0 -0.46896094881338801 0.95000004970297902
2 4.3700000335996299 -49.999984355558098 5.4097154788079198 0 1 0 0.4689607858252301 0 -0.88321898833651824 -0.88321898833651824 0 -0.4689607858252301 0.129999966400378
1 4.5 -49.999984355558098 4.6308390700000004 0 0 -1 
1 4.0734206280376997 -49.999984355558098 6.5324482428791102 0.63367791272943996 0 -0.773596989988237 
1 -2.0499999999999998 -49.999984355558098 6.5000000199999999 1 0 0 
1 -4.2734206280376901 -49.999984355558098 6.2882872978791102 0.63367791272943996 0 0.773596989988237 
1 -4.5 -49.999984355558098 4.3298577549999999 0 0 1 
2 -4.3700000027138799 -49.999984355558098 5.4097154973781096 0 1 0 -0.99999999999999978 0 2.0168421200643696e-08 2.0168421200643696e-08 -0 0.99999999999999978 0.129999997286119
2 -4.8764777087010804 -49.999984355558098 4.4558391824776002 0 -1 0 0.85822462024117807 0 0.51327429432213512 -0.51327429432213512 0 0.85822462024117807 0.94999985956120003
2 -3.9495952459982702 -49.999984355558098 5.0101753401431699 0 1 0 -0.858224634316191 0 -0.51327427078789001 -0.51327427078789001 0 0.858224634316191 0.12999999014316799
1 -1.8347315900000001 -49.999984355558098 4.88017535 -1 0 0 
1 -4.5 100 0.40000000000000002 0 -1 0 
1 -4.5 100 0.40000000000000002 0.70710678118654802 0 -0.70710678118654702 
1 -4.0999999999999996 100 2.7755575615628899e-16 0 -1 0 
1 -4.5 100 3.50196263 0 -1 0 
1 -4.5 100 3.50196263 0 0 -1 
1 -4.4309649200000001 100 3.6167810899999999 0 -1 0 
2 -4.3700000335996201 100 3.5019626511920801 0 -1 0 -0.46896078582525302 0 0.88321898833650603 -0.88321898833650603 -0 -0.46896078582525302 0.129999966400381
2 -4.8764778446814399 100 4.4558390906038703 0 -1 0 0.46896094881337691 0 -0.8832189017950518 0.8832189017950518 0 0.46896094881337691 0.95000004970293295
1 -4.0611644399999998 100 3.9682284399999999 0 -1 0 
1 -3.9495952399999998 100 4.0315027800000003 0 -1 0 
2 -3.9495952272997799 100 3.9015027568864999 0 -1 0 -9.7693989360859528e-08 0 0.99999999999999523 -0.99999999999999523 -0 -9.7693989360859528e-08 0.13000002311349801
1 -3.6694631800000002 100 4.0315027800000003 0 -1 0 
1 -3.6694631800000002 100 4.0315027800000003 -1 0 0 
2 -3.51966759129298 100 4.4558390650000002 0 -1 0 -0.33287908505913799 -0 -0.94296951951279495 0.94296951951279495 0 -0.33287908505913799 0.45000000129298101
1 -3.6694631800000002 100 4.88017535 0 -1 0 
1 -3.9495952399999998 100 4.88017535 0 -1 0 
1 -3.9495952399999998 100 4.88017535 1 0 0 
1 -4.0611644399999998 100 4.9434496899999996 0 -1 0 
2 -3.9495952459982702 100 5.0101753401431699 0 -1 0 -0.858224634316191 -0 -0.51327427078789001 0.51327427078789001 0 -0.858224634316191 0.12999999014316799
2 -4.8764777087010804 100 4.4558391824776002 0 -1 0 0.85822462024117807 0 0.51327429432213512 -0.51327429432213512 0 0.85822462024117807 0.94999985956120003
1 -4.4309649200000001 100 5.2948970400000004 0 -1 0 
1 -4.5 100 5.4097154999999999 0 -1 0 
2 -4.3700000027138799 100 5.4097154973781096 0 -1 0 -0.99999999999999978 0 2.0168421200643696e-08 -2.0168421200643696e-08 -0 -0.99999999999999978 0.129999997286119
1 -4.5 100 6.01167813 0 -1 0 
1 -4.5 100 6.01167813 0 0 -1 
1 -4.0999999999999996 -100 6.5000000199999999 0 1 0 
1 -4.0999999999999996 100 6.5000000199999999 -0.63367791272943996 0 -0.773596989988237 
1 4.0999999999999996 -100 6.5000000199999999 0 1 0 
1 4.0999999999999996 100 6.5000000199999999 -1 0 0 
2 0 10 6.5000000199999999 0 0 -1 -1 0 0 0 1 0 3
2 0 30 6.5000000199999999 0 0 -1 -1 0 0 0 1 0 3
2 0 -30 6.5000000199999999 0 0 1 -1 0 0 0 -1 0 3
2 0 -10 6.5000000199999999 0 0 1 -1 0 0 0 -1 0 3
2 0 90 6.5000000199999999 0 0 -1 -1 0 0 0 1 0 3
2 0 70 6.5000000199999999 0 0 -1 -1 0 0 0 1 0 3
2 0 50 6.5000000199999999 0 0 -1 -1 0 0 0 1 0 3
1 -4.0999999999999996 100 2.9999999999999999e-16 1 0 0 
1 4.0999999999999996 -100 0 0 1 0 
2 0 90 0 0 0 1 -1 0 0 0 -1 0 1.55
2 0 70 0 0 0 1 -1 0 0 0 -1 0 1.55
2 0 -30 0 0 0 -1 -1 0 0 0 1 0 1.55
2 0 -10 0 0 0 -1 -1 0 0 0 1 0 1.55
2 0 50 0 0 0 1 -1 0 0 0 -1 0 1.55
2 0 10 0 0 0 1 -1 0 0 0 -1 0 1.55
2 0 30 0 0 0 1 -1 0 0 0 -1 0 1.55
1 3 70 6.5000000199999999 0 0 -1 
2 0 70 3.5000000199999999 0 0 -1 -1 0 0 0 1 0 3
2 0 70 3.5000000199999999 0 0 1 -1 0 0 0 -1 0 1.55
1 3 90 6.5000000199999999 0 0 -1 
2 0 90 3.5000000199999999 0 0 -1 -1 0 0 0 1 0 3
2 0 90 3.5000000199999999 0 0 1 -1 0 0 0 -1 0 1.55
1 1.55 70 6.5000000199999999 0 0 1 
1 1.55 90 6.5000000199999999 0 0 1 
1 0.86904999999999999 100 3.3374913131690098 0 0 -1 
1 0.86904999999999999 100.00216666666699 3.8001166666666699 0 -1 0 
1 0.86904999999999999 99.997833333333304 3.2905166666666701 0 0 1 
1 0.86904999999999999 100.00216666666699 3.2905166666666701 0 -1 0 
1 0.25619815000000001 100 3.2905166666666701 -1 0 0 
1 0.51239630000000003 99.997833333333304 3.2905166666666701 1 0 0 
1 0.51239630000000003 100.00216666666699 3.2905166666666701 0 -1 0 
1 0.51239630000000003 100 3.2950246465023398 0 0 -1 
1 0.51239630000000003 99.997833333333304 3.2055833333333301 0 0 1 
1 0.51239630000000003 100.00216666666699 3.2055833333333301 0 -1 0 
1 0.43452499999999999 100 3.2055833333333301 1 0 0 
1 0.86904999999999999 99.997833333333304 3.2055833333333301 -1 0 0 
1 0.86904999999999999 100.00216666666699 3.2055833333333301 0 -1 0 
1 0.86904999999999999 100 3.0402246465023399 0 0 -1 
1 0.86904999999999999 99.997833333333304 2.6959833333333298 0 0 1 
1 0.86904999999999999 100.00216666666699 2.6959833333333298 0 -1 0 
1 0.10731608333333301 100 2.6959833333333298 -1 0 0 
1 0.21463216666666701 99.997833333333304 2.6959833333333298 1 0 0 
1 0.21463216666666701 100.00216666666699 2.6959833333333298 0 -1 0 
1 0.21463216666666701 100 2.9977579798356699 0 0 -1 
1 0.21463216666666701 99.997833333333304 2.6110500000000001 0 0 1 
1 0.21463216666666701 100.00216666666699 2.6110500000000001 0 -1 0 
1 0.43452499999999999 100 3.8001166666666699 1 0 0 
1 0.21463216666666701 100.00216666666699 3.8001166666666699 0 -1 0 
1 0.86904999999999999 99.997833333333304 3.8001166666666699 -1 0 0 
1 0.21463216666666701 100 3.5922913131690102 0 0 -1 
1 0.21463216666666701 100.00216666666699 3.8850500000000001 0 -1 0 
1 0.21463216666666701 99.997833333333304 3.8001166666666699 0 0 1 
1 0.10731608333333301 100 3.8850500000000001 -1 0 0 
1 0.95398333333333296 100.00216666666699 3.8850500000000001 0 -1 0 
1 0.21463216666666701 99.997833333333304 3.8850500000000001 1 0 0 
1 0.95398333333333296 100 3.6347579798356699 0 0 1 
1 0.95398333333333296 100.00216666666699 2.6110500000000001 0 -1 0 
1 0.95398333333333296 99.997833333333304 3.8850500000000001 0 0 -1 
1 0.47699166666666698 100 2.6110500000000001 1 0 0 
1 0.95398333333333296 99.997833333333304 2.6110500000000001 -1 0 0 
1 -0.29501116666666699 100 3.5114341298356702 0 0 1 
1 -0.29501116666666699 100.00216666666699 3.5619999999999998 0 -1 0 
1 -0.29501116666666699 99.997833333333304 3.6384023000000001 0 0 -1 
1 -0.29501116666666699 100.00216666666699 3.6384023000000001 0 -1 0 
1 -0.24705125456280499 100 3.5398923858544999 -0.4377326475325542 0 0.89910518254770444 
1 -0.35555953333333301 99.997833333333304 3.7627689666666702 0.43773264753255414 0 -0.89910518254770433 
1 -0.35555953333333301 100.00216666666699 3.7627689666666702 0 -1 0 
1 -0.20187578160993999 100 3.61208981791642 -0.71405239025620104 0 0.70009226818284898 
1 -0.41859610000000003 99.997833333333304 3.8245731333333302 0.71405239025620093 0 -0.70009226818284898 
1 -0.41859610000000003 100.00216666666699 3.8245731333333302 0 -1 0 
1 -0.22498487989211799 100 3.7304598554469002 -0.8993738585740898 0 0.4371803546747649 
1 -0.54300999999999999 99.997833333333304 3.8850500000000001 0.8993738585740898 0 -0.4371803546747649 
1 -0.54300999999999999 100.00216666666699 3.8850500000000001 0 -1 0 
1 -0.39384540000000001 100 3.8850500000000001 -1 0 0 
1 -0.78769080000000002 99.997833333333304 3.8850500000000001 1 0 0 
1 -0.78769080000000002 100.00216666666699 3.8850500000000001 0 -1 0 
1 -0.63341594699356296 100 3.96172870662163 -0.89548971191883731 0 -0.44508221245913415 
1 -0.911275733333334 99.997833333333304 3.8236249999999998 0.89548971191883731 0 0.44508221245913415 
1 -0.911275733333334 100.00216666666699 3.8236249999999998 0 -1 0 
1 -0.82165013157488898 100 3.9120374717454398 -0.71190839533108574 0 -0.7022723379552398 
1 -0.97431230000000002 99.997833333333304 3.7614416666666699 0.71190839533108574 0 0.70227233795523991 
1 -0.97431230000000002 100.00216666666699 3.7614416666666699 0 -1 0 
1 -0.98439084123395004 100 3.7410198837371 -0.44255825480137212 0 -0.89673975662237926 
1 -1.0356896333333301 99.997833333333304 3.6370749999999998 0.44255825480137206 0 0.89673975662237926 
1 -1.0356896333333301 100.00216666666699 3.6370749999999998 0 -1 0 
1 -1.0356896333333301 100 3.4477341298356698 0 0 -1 
1 -1.0356896333333301 99.997833333333304 3.5110022999999999 0 0 1 
1 -1.0356896333333301 100.00216666666699 3.5110022999999999 0 -1 0 
1 -0.87485962856035004 100 3.1915757881904701 0.44970995764328714 0 -0.89317464921283629 
1 -0.97431230000000002 99.997833333333304 3.3891 -0.44970995764328714 0 0.89317464921283618 
1 -0.97431230000000002 100.00216666666699 3.3891 0 -1 0 
1 -0.70750480671956395 100 3.0338722804173801 0.60055693039485281 0 -0.79958199914374761 
1 -0.79432643333333397 99.997833333333304 3.1494666666666702 -0.60055693039485281 0 0.79958199914374761 
1 -0.79432643333333397 100.00216666666699 3.1494666666666702 0 -1 0 
1 -0.483065302390638 100 2.79269567064962 0.65741117131800031 0 -0.75353205096153331 
1 -0.39868963333333401 99.997833333333304 2.6959833333333298 -0.65741117131800098 0 0.75353205096153286 
1 -0.39868963333333401 100.00216666666699 2.6959833333333298 0 -1 0 
1 -0.54728960000000004 100 2.6959833333333298 -1 0 0 
1 -1.0945792000000001 99.997833333333304 2.6959833333333298 1 0 0 
1 -1.0945792000000001 100.00216666666699 2.6959833333333298 0 -1 0 
1 -1.0945792000000001 100 2.9977579798356699 0 0 -1 
1 -1.0945792000000001 99.997833333333304 2.6110500000000001 0 0 1 
1 -1.0945792000000001 100.00216666666699 2.6110500000000001 0 -1 0 
1 -0.147505583333333 100 3.5619999999999998 1 0 0 
1 -0.38127179999999999 100.00216666666699 3.5619999999999998 0 -1 0 
1 -0.29501116666666699 99.997833333333304 3.5619999999999998 -1 0 0 
1 -0.38127179999999999 100 3.4732329798356698 0 0 -1 
1 -0.38127179999999999 100.00216666666699 3.6317666666666701 0 -1 0 
1 -0.38127179999999999 99.997833333333304 3.5619999999999998 0 0 1 
1 -0.29291731478919403 100 3.4565423090109402 0.45023715429372785 0 -0.89290901266225664 
1 -0.43767273333333301 100.00216666666699 3.7436208333333298 0 -1 0 
1 -0.38127179999999999 99.997833333333304 3.6317666666666701 -0.45023715429372785 0 0.89290901266225664 
1 -0.19102085504518601 100 3.6191728337984399 0.89279669709901299 0 -0.45045982911808402 
1 -0.54964563333333305 100.00216666666699 3.8001166666666699 0 -1 0 
1 -0.43767273333333301 99.997833333333304 3.7436208333333298 -0.89279669709901299 0 0.45045982911808402 
1 -0.27482281666666702 100 3.8001166666666699 1 0 0 
1 -0.78022619999999998 100.00216666666699 3.8001166666666699 0 -1 0 
1 -0.54964563333333305 99.997833333333304 3.8001166666666699 -1 0 0 
1 -0.55097181971712195 100 3.91455098552564 0.8947280815107459 0 0.44661130768947194 
1 -0.89302806666666701 100.00216666666699 3.7438106333333301 0 -1 0 
1 -0.78022619999999998 99.997833333333304 3.8001166666666699 -0.8947280815107459 0 -0.44661130768947194 
1 -0.87639259547787896 100 3.7773510007372999 0.44433274697889796 0 0.8958618252622369 
1 -0.94860003333333298 100.00216666666699 3.6317666666666701 0 -1 0 
1 -0.89302806666666701 99.997833333333304 3.7438106333333301 -0.44433274697889796 0 -0.8958618252622369 
1 -0.94860003333333298 100 3.5081163131690101 0 0 1 
1 -0.94860003333333298 100.00216666666699 3.5199125000000002 0 -1 0 
1 -0.94860003333333298 99.997833333333304 3.6317666666666701 0 0 -1 
1 -0.82918421012015697 100 3.2774234495644601 -0.44179300743965416 0 0.89711701498601937 
1 -0.89136926666666705 100.00216666666699 3.40369813333333 0 -1 0 
1 -0.94860003333333298 99.997833333333304 3.5199125000000002 0.44179300743965416 0 -0.89711701498601937 
1 -0.726224045156179 100 3.1835929450473301 -0.60015426144113893 0 0.79988428067692474 
1 -0.71470143333333302 100.00216666666699 3.1682356333333299 0 -1 0 
1 -0.89136926666666705 99.997833333333304 3.40369813333333 0.60015426144113893 0 -0.79988428067692463 
1 -0.61041166348902198 100 3.0510802188356099 -0.66490367432012953 0 0.74692911569679155 
1 -0.21870419999999999 100.00216666666699 2.6110500000000001 0 -1 0 
1 -0.71470143333333302 99.997833333333304 3.1682356333333299 0.66490367432012953 0 -0.74692911569679166 
1 -0.10935209999999999 100 2.6110500000000001 1 0 0 
1 -0.21870419999999999 99.997833333333304 2.6110500000000001 -1 0 0 
1 4.0999999999999996 100 0 0.70710678118654802 0 0.70710678118654702 
1 4.5 100 6.01167813 -0.63367791272943996 0 0.773596989988237 
1 4.5 100 5.4097154999999999 0 0 1 
2 4.3700000335996299 100 5.4097154788079198 0 -1 0 0.4689607858252301 0 -0.88321898833651824 0.88321898833651824 0 0.4689607858252301 0.129999966400378
2 4.8764778446814798 100 4.4558390393960998 0 -1 0 -0.46896094881338801 0 0.88321890179504603 -0.88321890179504603 -0 -0.46896094881338801 0.95000004970297902
2 3.9495952272997799 100 5.0101753731135004 0 -1 0 9.7693992776928423e-08 0 -0.99999999999999523 0.99999999999999523 0 9.7693992776928423e-08 0.13000002311350001
1 3.6694631800000002 100 4.88017535 1 0 0 
2 3.51966759129298 100 4.4558390650000002 0 -1 0 0.33287908505913799 0 0.94296951951279495 -0.94296951951279495 0 0.33287908505913799 0.45000000129298101
1 3.9495952399999998 100 4.0315027800000003 -1 0 0 
2 3.9495952459982702 100 3.90150278985683 0 -1 0 0.85822463431618023 0 0.5132742707879081 -0.5132742707879081 0 0.85822463431618023 0.12999999014317301
2 4.8764777087010502 100 4.4558389475223699 0 -1 0 -0.85822462024118473 -0 -0.5132742943221239 0.5132742943221239 0 -0.85822462024118473 0.94999985956115796
2 4.3700000027138897 100 3.5019626326219 0 -1 0 0.99999999999999978 0 -2.0168475857779997e-08 2.0168475857779997e-08 0 0.99999999999999978 0.129999997286109
1 4.5 100 0.40000000000000002 0 0 1 
1 1.55 -10 6.5000000199999999 0 0 1 
2 0 -10 3.5000000199999999 0 0 -1 -1 0 0 0 1 0 1.55
1 1.55 -30 6.5000000199999999 0 0 1 
2 0 -30 3.5000000199999999 0 0 -1 -1 0 0 0 1 0 1.55
2 0 -10 3.5000000199999999 0 0 1 -1 0 0 0 -1 0 3
1 3 -10 6.5000000199999999 0 0 -1 
2 0 -30 3.5000000199999999 0 0 1 -1 0 0 0 -1 0 3
1 3 -30 6.5000000199999999 0 0 -1 
1 3.6694631800000002 100 4.88017535 0 -1 0 
1 3.9495952399999998 100 4.88017535 0 -1 0 
1 4.0611644399999998 100 4.9434496899999996 0 -1 0 
1 4.4309649200000001 100 5.2948970400000004 0 -1 0 
1 4.5 100 5.4097154999999999 0 -1 0 
1 4.5 100 6.01167813 0 -1 0 
1 1.55 10 6.5000000199999999 0 0 1 
2 0 10 3.5000000199999999 0 0 1 -1 0 0 0 -1 0 1.55
1 1.55 30 6.5000000199999999 0 0 1 
2 0 30 3.5000000199999999 0 0 1 -1 0 0 0 -1 0 1.55
2 0 10 3.5000000199999999 0 0 -1 -1 0 0 0 1 0 3
1 3 10 6.5000000199999999 0 0 -1 
2 0 30 3.5000000199999999 0 0 -1 -1 0 0 0 1 0 3
1 3 30 6.5000000199999999 0 0 -1 
2 0 50 3.5000000199999999 0 0 -1 -1 0 0 0 1 0 3
2 0 50 3.5000000199999999 0 0 1 -1 0 0 0 -1 0 1.55
1 3 50 6.5000000199999999 0 0 -1 
1 1.55 50 6.5000000199999999 0 0 1 
1 3.6694631800000002 100 4.0315027800000003 0 -1 0 
1 3.9495952399999998 100 4.0315027800000003 0 -1 0 
1 4.0611644399999998 100 3.9682284399999999 0 -1 0 
1 4.4309649200000001 100 3.6167810899999999 0 -1 0 
1 4.5 100 3.50196263 0 -1 0 
1 4.5 100 0.40000000000000002 0 -1 0 
1 0.69203333333333295 -0.0021666666666666301 2.6094033333333302 0 0 1 
1 0.60709999999999997 -0.0021666666666666301 2.6094033333333302 1 0 0 
1 0.60709999999999997 -0.0021666666666666301 3.7186556333333298 0 0 -1 
1 0.51005716666666701 -0.0021666666666666301 3.62083063333333 0.70426290053374374 0 0.70993926988989575 
1 0.3690544 -0.0021666666666666301 3.5512533333333298 0.89676567017077136 0 0.44250574324314418 
1 0.3690544 -0.0021666666666666301 3.6407366666666698 0 0 -1 
1 0.49346830000000003 -0.0021666666666666301 3.7036783333333299 -0.89230947079459133 0 -0.45142419998298317 
1 0.67411759999999998 -0.0021666666666666301 3.8834033333333302 -0.7089180604368357 0 -0.7052908503493257 
1 0.69203333333333295 -0.0021666666666666301 3.8834033333333302 -1 0 0 
1 0.69203333333333295 0.0021666666666666301 2.6094033333333302 0 0 1 
1 0.69203333333333295 0.0021666666666666301 3.8834033333333302 -1 0 0 
1 0.67411759999999998 0.0021666666666666301 3.8834033333333302 -0.7089180604368357 0 -0.7052908503493257 
1 0.49346830000000003 0.0021666666666666301 3.7036783333333299 -0.89230947079459133 0 -0.45142419998298317 
1 0.3690544 0.0021666666666666301 3.6407366666666698 0 0 -1 
1 0.3690544 0.0021666666666666301 3.5512533333333298 0.89676567017077136 0 0.44250574324314418 
1 0.51005716666666701 0.0021666666666666301 3.62083063333333 0.70426290053374374 0 0.70993926988989575 
1 0.60709999999999997 0.0021666666666666301 3.7186556333333298 0 0 -1 
1 0.60709999999999997 0.0021666666666666301 2.6094033333333302 1 0 0 
1 0.69203333333333295 0.0021666666666667 2.6094033333333302 0 -1 0 
1 0.60709999999999997 -0.0021666666666667 2.6094033333333302 0 1 0 
1 0.60709999999999997 -0.0021666666666667 3.7186556333333298 0 1 0 
1 0.51005716666666701 -0.0021666666666667 3.62083063333333 0 1 0 
1 0.3690544 -0.0021666666666667 3.5512533333333298 0 1 0 
1 0.69203333333333295 0.0021666666666667 3.8834033333333302 0 -1 0 
1 0.67411759999999998 0.0021666666666667 3.8834033333333302 0 -1 0 
1 0.49346830000000003 0.0021666666666667 3.7036783333333299 0 -1 0 
1 0.3690544 0.0021666666666667 3.6407366666666698 0 -1 0 
1 -0.86904999999999999 -0.0021666666666667 3.8001166666666699 0 1 0 
1 -0.86904999999999999 0.0021666666666666301 3.2905166666666701 0 0 1 
1 -0.86904999999999999 0.0021666666666667 3.2905166666666701 0 -1 0 
1 -0.86904999999999999 -0.0021666666666666301 3.2905166666666701 0 0 1 
1 -0.51239630000000003 0.0021666666666666301 3.2905166666666701 -1 0 0 
1 -0.51239630000000003 0.0021666666666667 3.2905166666666701 0 -1 0 
1 -0.51239630000000003 -0.0021666666666666301 3.2905166666666701 -1 0 0 
1 -0.51239630000000003 0.0021666666666666301 3.2055833333333301 0 0 1 
1 -0.51239630000000003 0.0021666666666667 3.2055833333333301 0 -1 0 
1 -0.51239630000000003 -0.0021666666666666301 3.2055833333333301 0 0 1 
1 -0.86904999999999999 0.0021666666666666301 3.2055833333333301 1 0 0 
1 -0.86904999999999999 0.0021666666666667 3.2055833333333301 0 -1 0 
1 -0.86904999999999999 -0.0021666666666666301 3.2055833333333301 1 0 0 
1 -0.86904999999999999 0.0021666666666666301 2.6959833333333298 0 0 1 
1 -0.86904999999999999 0.0021666666666667 2.6959833333333298 0 -1 0 
1 -0.86904999999999999 -0.0021666666666666301 2.6959833333333298 0 0 1 
1 -0.21463216666666701 0.0021666666666666301 2.6959833333333298 -1 0 0 
1 -0.21463216666666701 0.0021666666666667 2.6959833333333298 0 -1 0 
1 -0.21463216666666701 -0.0021666666666666301 2.6959833333333298 -1 0 0 
1 -0.21463216666666701 0.0021666666666666301 2.6110500000000001 0 0 1 
1 -0.21463216666666701 0.0021666666666667 2.6110500000000001 0 -1 0 
1 -0.21463216666666701 -0.0021666666666666301 2.6110500000000001 0 0 1 
1 -0.21463216666666701 -0.0021666666666667 3.8001166666666699 0 1 0 
1 -0.86904999999999999 0.0021666666666666301 3.8001166666666699 1 0 0 
1 -0.86904999999999999 -0.0021666666666666301 3.8001166666666699 1 0 0 
1 -0.21463216666666701 -0.0021666666666667 3.8850500000000001 0 1 0 
1 -0.21463216666666701 0.0021666666666666301 3.8001166666666699 0 0 1 
1 -0.21463216666666701 -0.0021666666666666301 3.8001166666666699 0 0 1 
1 -0.95398333333333296 -0.0021666666666667 3.8850500000000001 0 1 0 
1 -0.21463216666666701 0.0021666666666666301 3.8850500000000001 -1 0 0 
1 -0.21463216666666701 -0.0021666666666666301 3.8850500000000001 -1 0 0 
1 -0.95398333333333296 -0.0021666666666667 2.6110500000000001 0 1 0 
1 -0.95398333333333296 0.0021666666666666301 3.8850500000000001 0 0 -1 
1 -0.95398333333333296 -0.0021666666666666301 3.8850500000000001 0 0 -1 
1 -0.95398333333333296 0.0021666666666666301 2.6110500000000001 1 0 0 
1 -0.95398333333333296 -0.0021666666666666301 2.6110500000000001 1 0 0 
Polygon3D 0
PolygonOnTriangulations 0
Surfaces 116
1 3.6082248300317603e-15 -49.999984355558098 3.2500000099999999 0 1 0 0 -0 1 1 0 -0 
2 -3.51966759129298 100 4.4558390650000002 0 1 0 1 0 -2.6984587326549099e-16 -2.6984587326549099e-16 0 -1 0.45000000129298101
1 -3.9495952399999998 100 4.0315027800000003 0 0 1 -1 0 0 0 -1 0 
2 -3.9495952272997799 100 3.9015027568864999 0 1 0 -9.7693989360859528e-08 0 0.99999999999999523 0.99999999999999523 -0 9.7693989360859528e-08 0.13000002311349801
2 -4.8764778446814399 100 4.4558390906038703 0 1 0 0.46896094881337691 0 -0.8832189017950518 -0.8832189017950518 0 -0.46896094881337691 0.95000004970293295
2 -4.3700000335996201 100 3.5019626511920801 0 1 0 -0.46896078582525302 0 0.88321898833650603 0.88321898833650603 -0 0.46896078582525302 0.129999966400381
1 -4.5 100 0.40000000000000002 -1 0 0 0 0 -1 -0 -1 -0 
1 -4.0999999999999996 100 2.7755575615628899e-16 -0.70710678118654702 0 -0.70710678118654802 0.70710678118654802 0 -0.70710678118654702 0 -1 -0 
1 4.0999999999999996 100 0 0 0 -1 1 0 0 0 -1 0 
1 4.5 100 0.40000000000000002 0.70710678118654702 0 -0.70710678118654802 0.70710678118654802 0 0.70710678118654702 0 -1 0 
1 4.5 100 3.50196263 1 0 0 0 0 1 0 -1 0 
2 4.3700000027138897 100 3.5019626326219 0 1 0 0.99999999999999978 0 -2.0168475857779997e-08 -2.0168475857779997e-08 0 -0.99999999999999978 0.129999997286109
2 4.8764777087010502 100 4.4558389475223699 0 1 0 -0.85822462024118473 0 -0.5132742943221239 -0.5132742943221239 0 0.85822462024118473 0.94999985956115796
2 3.9495952459982702 100 3.90150278985683 0 1 0 0.85822463431618023 -0 0.5132742707879081 0.5132742707879081 0 -0.85822463431618023 0.12999999014317301
1 3.6694631800000002 100 4.0315027800000003 0 0 1 -1 0 0 0 -1 0 
2 3.51966759129298 100 4.4558390650000002 0 1 0 -1 0 2.6984587326549099e-16 2.6984587326549099e-16 -0 1 0.45000000129298101
1 3.9495952399999998 100 4.88017535 0 0 -1 1 0 0 0 -1 0 
2 3.9495952272997799 100 5.0101753731135004 0 1 0 9.7693992776928423e-08 0 -0.99999999999999523 -0.99999999999999523 0 -9.7693992776928423e-08 0.13000002311350001
2 4.8764778446814798 100 4.4558390393960998 0 1 0 -0.46896094881338801 0 0.88321890179504603 0.88321890179504603 -0 0.46896094881338801 0.95000004970297902
2 4.3700000335996299 100 5.4097154788079198 0 1 0 0.4689607858252301 0 -0.88321898833651824 -0.88321898833651824 0 -0.4689607858252301 0.129999966400378
1 4.5 100 6.01167813 1 0 0 0 0 1 0 -1 0 
1 4.0999999999999996 100 6.5000000199999999 0.773596989988237 0 0.63367791272943996 -0.63367791272943996 0 0.773596989988237 0 -1 0 
1 -4.0999999999999996 100 6.5000000199999999 0 0 1 -1 0 0 0 -1 0 
1 -4.5 100 6.01167813 -0.773596989988237 0 0.63367791272943996 -0.63367791272943996 0 -0.773596989988237 -0 -1 0 
1 -4.5 100 5.4097154999999999 -1 0 0 0 0 -1 -0 -1 -0 
2 -4.3700000027138799 100 5.4097154973781096 0 1 0 -0.99999999999999978 0 2.0168421200643696e-08 2.0168421200643696e-08 -0 0.99999999999999978 0.129999997286119
2 -4.8764777087010804 100 4.4558391824776002 0 1 0 0.85822462024117807 -0 0.51327429432213512 0.51327429432213512 0 -0.85822462024117807 0.94999985956120003
2 -3.9495952459982702 100 5.0101753401431699 0 1 0 -0.858224634316191 0 -0.51327427078789001 -0.51327427078789001 0 0.858224634316191 0.12999999014316799
1 -3.6694631800000002 100 4.88017535 0 0 -1 1 0 0 0 -1 0 
1 5.5511151231257802e-17 100 3.38446595967135 0 -1 0 1 0 0 -0 0 1 
2 0 10 6.5000000199999999 0 0 -1 -1 0 0 0 1 0 3
2 0 30 6.5000000199999999 0 0 -1 -1 0 0 0 1 0 3
2 0 -30 6.5000000199999999 0 0 1 -1 0 0 0 -1 0 3
2 0 -10 6.5000000199999999 0 0 1 -1 0 0 0 -1 0 3
2 0 90 6.5000000199999999 0 0 -1 -1 0 0 0 1 0 3
2 0 70 6.5000000199999999 0 0 -1 -1 0 0 0 1 0 3
2 0 50 6.5000000199999999 0 0 -1 -1 0 0 0 1 0 3
2 0 90 6.5000000199999999 0 0 -1 -1 0 0 0 1 0 1.55
2 0 70 6.5000000199999999 0 0 -1 -1 0 0 0 1 0 1.55
2 0 -30 6.5000000199999999 0 0 1 -1 0 0 0 -1 0 1.55
2 0 -10 6.5000000199999999 0 0 1 -1 0 0 0 -1 0 1.55
2 0 50 6.5000000199999999 0 0 -1 -1 0 0 0 1 0 1.55
2 0 10 6.5000000199999999 0 0 -1 -1 0 0 0 1 0 1.55
2 0 30 6.5000000199999999 0 0 -1 -1 0 0 0 1 0 1.55
1 0 50 3.5000000199999999 0 0 1 -1 0 0 0 -1 0 
1 0 50 3.5000000199999999 0 0 1 -1 0 0 0 -1 0 
1 0.86904999999999999 100.00216666666699 3.2905166666666701 -1 0 0 0 0 -1 -0 -1 -0 
1 0.86904999999999999 100.00216666666699 3.8001166666666699 0 0 -1 1 0 0 0 -1 0 
1 0.70211498647534898 99.997833333333304 3.2480500000000001 0 1 0 -1 0 0 0 -0 1 
1 0.51239630000000003 100.00216666666699 3.2905166666666701 0 0 1 -1 0 0 0 -1 0 
1 0.51239630000000003 100.00216666666699 3.2055833333333301 -1 0 0 0 0 -1 -0 -1 -0 
1 0.86904999999999999 100.00216666666699 3.2055833333333301 0 0 -1 1 0 0 0 -1 0 
1 0.86904999999999999 100.00216666666699 2.6959833333333298 -1 0 0 0 0 -1 -0 -1 -0 
1 0.21463216666666701 100.00216666666699 2.6959833333333298 0 0 1 -1 0 0 0 -1 0 
1 0.21463216666666701 100.00216666666699 2.6110500000000001 -1 0 0 0 0 -1 -0 -1 -0 
1 0.95398333333333296 100.00216666666699 2.6110500000000001 0 0 -1 1 0 0 0 -1 0 
1 0.21463216666666701 100.00216666666699 3.8001166666666699 -1 0 0 0 0 -1 -0 -1 -0 
1 0.21463216666666701 100.00216666666699 3.8850500000000001 0 0 1 -1 0 0 0 -1 0 
1 0.95398333333333296 100.00216666666699 3.8850500000000001 1 0 0 0 0 1 0 -1 0 
1 -0.29501116666666699 100.00216666666699 3.6384023000000001 1 0 0 0 0 1 0 -1 0 
1 -0.29501116666666699 100.00216666666699 3.5619999999999998 0 0 -1 1 0 0 0 -1 0 
1 -0.67910689211824504 99.997833333333304 3.1962905332574301 0 1 0 -1 0 0 0 -0 1 
1 -0.35555953333333301 100.00216666666699 3.7627689666666702 0.89910518254770444 0 0.4377326475325542 -0.4377326475325542 0 0.89910518254770444 0 -1 0 
1 -0.41859610000000003 100.00216666666699 3.8245731333333302 0.70009226818284898 0 0.71405239025620104 -0.71405239025620104 0 0.70009226818284898 0 -1 0 
1 -0.54300999999999999 100.00216666666699 3.8850500000000001 0.4371803546747649 0 0.8993738585740898 -0.8993738585740898 0 0.4371803546747649 0 -1 0 
1 -0.78769080000000002 100.00216666666699 3.8850500000000001 0 0 1 -1 0 0 0 -1 0 
1 -0.911275733333334 100.00216666666699 3.8236249999999998 -0.44508221245913415 0 0.89548971191883731 -0.89548971191883731 0 -0.44508221245913415 -0 -1 0 
1 -0.97431230000000002 100.00216666666699 3.7614416666666699 -0.7022723379552398 0 0.71190839533108574 -0.71190839533108574 0 -0.7022723379552398 -0 -1 0 
1 -1.0356896333333301 100.00216666666699 3.6370749999999998 -0.89673975662237926 0 0.44255825480137212 -0.44255825480137212 0 -0.89673975662237926 -0 -1 0 
1 -1.0356896333333301 100.00216666666699 3.5110022999999999 -1 0 0 0 0 -1 -0 -1 -0 
1 -0.97431230000000002 100.00216666666699 3.3891 -0.89317464921283629 0 -0.44970995764328714 0.44970995764328714 0 -0.89317464921283629 0 -1 -0 
1 -0.79432643333333397 100.00216666666699 3.1494666666666702 -0.79958199914374717 0 -0.60055693039485325 0.60055693039485325 0 -0.79958199914374717 0 -1 -0 
1 -0.39868963333333401 100.00216666666699 2.6959833333333298 -0.75353205096153286 0 -0.65741117131800098 0.65741117131800098 0 -0.75353205096153286 0 -1 -0 
1 -1.0945792000000001 100.00216666666699 2.6959833333333298 0 0 1 -1 0 0 0 -1 0 
1 -1.0945792000000001 100.00216666666699 2.6110500000000001 -1 0 0 0 0 -1 -0 -1 -0 
1 -0.21870419999999999 100.00216666666699 2.6110500000000001 0 0 -1 1 0 0 0 -1 0 
1 -0.38127179999999999 100.00216666666699 3.5619999999999998 -1 0 0 0 0 -1 -0 -1 -0 
1 -0.38127179999999999 100.00216666666699 3.6317666666666701 -0.89290901266225664 0 -0.45023715429372785 0.45023715429372785 0 -0.89290901266225664 0 -1 -0 
1 -0.43767273333333301 100.00216666666699 3.7436208333333298 -0.45045982911808402 0 -0.89279669709901299 0.89279669709901299 0 -0.45045982911808402 0 -1 -0 
1 -0.54964563333333305 100.00216666666699 3.8001166666666699 0 0 -1 1 0 0 0 -1 0 
1 -0.78022619999999998 100.00216666666699 3.8001166666666699 0.44661130768947194 0 -0.8947280815107459 0.8947280815107459 0 0.44661130768947194 0 -1 0 
1 -0.89302806666666701 100.00216666666699 3.7438106333333301 0.8958618252622369 0 -0.44433274697889796 0.44433274697889796 0 0.8958618252622369 0 -1 0 
1 -0.94860003333333298 100.00216666666699 3.6317666666666701 1 0 0 0 0 1 0 -1 0 
1 -0.94860003333333298 100.00216666666699 3.5199125000000002 0.89711701498601937 0 0.44179300743965416 -0.44179300743965416 0 0.89711701498601937 0 -1 0 
1 -0.89136926666666705 100.00216666666699 3.40369813333333 0.79988428067692474 0 0.60015426144113893 -0.60015426144113893 0 0.79988428067692474 0 -1 0 
1 -0.71470143333333302 100.00216666666699 3.1682356333333299 0.74692911569679155 0 0.66490367432012953 -0.66490367432012953 0 0.74692911569679155 0 -1 0 
1 0 -50 3.5000000199999999 0 0 -1 -1 0 0 0 1 0 
1 0 -50 3.5000000199999999 0 0 -1 -1 0 0 0 1 0 
1 0 50 3.5000000199999999 0 0 1 -1 0 0 0 -1 0 
1 0 50 3.5000000199999999 0 0 1 -1 0 0 0 -1 0 
1 0 50 3.5000000199999999 0 0 1 -1 0 0 0 -1 0 
1 0.61579438783783103 -0.0021666666666666301 3.31003496067967 0 -1 0 1 0 0 -0 0 1 
1 0.69203333333333295 -0.0021666666666667 2.6094033333333302 1 0 0 0 0 -1 -0 1 0 
1 0.60709999999999997 -0.0021666666666667 2.6094033333333302 0 0 -1 -1 0 0 0 1 0 
1 0.60709999999999997 -0.0021666666666667 3.7186556333333298 -1 0 0 0 0 1 0 1 -0 
1 0.51005716666666701 -0.0021666666666667 3.62083063333333 0.70993926988989575 0 -0.70426290053374374 -0.70426290053374374 0 -0.70993926988989575 0 1 0 
1 0.3690544 -0.0021666666666667 3.5512533333333298 0.44250574324314418 0 -0.89676567017077136 -0.89676567017077136 0 -0.44250574324314418 0 1 0 
1 0.3690544 -0.0021666666666667 3.6407366666666698 -1 0 0 0 0 1 0 1 -0 
1 0.49346830000000003 -0.0021666666666667 3.7036783333333299 -0.45142419998298322 0 0.89230947079459144 0.89230947079459144 0 0.45142419998298322 0 1 -0 
1 0.67411759999999998 -0.0021666666666667 3.8834033333333302 -0.7052908503493257 0 0.7089180604368357 0.7089180604368357 0 0.7052908503493257 0 1 -0 
1 0.69203333333333295 -0.0021666666666667 3.8834033333333302 0 0 1 1 0 -0 -0 1 0 
1 0.61579438783783103 0.0021666666666666301 3.31003496067967 0 -1 0 1 0 0 -0 0 1 
1 -0.86904999999999999 -0.0021666666666667 3.2905166666666701 1 0 0 0 0 -1 -0 1 0 
1 -0.86904999999999999 -0.0021666666666667 3.8001166666666699 0 0 -1 -1 0 0 0 1 0 
1 -0.70211498647534898 0.0021666666666666301 3.2480500000000001 0 -1 0 1 0 0 -0 0 1 
1 -0.51239630000000003 -0.0021666666666667 3.2905166666666701 0 0 1 1 0 -0 -0 1 0 
1 -0.70211498647534898 -0.0021666666666666301 3.2480500000000001 0 -1 0 1 0 0 -0 0 1 
1 -0.51239630000000003 -0.0021666666666667 3.2055833333333301 1 0 0 0 0 -1 -0 1 0 
1 -0.86904999999999999 -0.0021666666666667 3.2055833333333301 0 0 -1 -1 0 0 0 1 0 
1 -0.86904999999999999 -0.0021666666666667 2.6959833333333298 1 0 0 0 0 -1 -0 1 0 
1 -0.21463216666666701 -0.0021666666666667 2.6959833333333298 0 0 1 1 0 -0 -0 1 0 
1 -0.21463216666666701 -0.0021666666666667 2.6110500000000001 1 0 0 0 0 -1 -0 1 0 
1 -0.95398333333333296 -0.0021666666666667 2.6110500000000001 0 0 -1 -1 0 0 0 1 0 
1 -0.21463216666666701 -0.0021666666666667 3.8001166666666699 1 0 0 0 0 -1 -0 1 0 
1 -0.21463216666666701 -0.0021666666666667 3.8850500000000001 0 0 1 1 0 -0 -0 1 0 
1 -0.95398333333333296 -0.0021666666666667 3.8850500000000001 -1 0 0 0 0 1 0 1 -0 
Triangulations 0

TShapes 764
Ve
1e-07
-3.66946318 -49.9999843555581 4.03150278
0 0

0101101
*
Ve
1e-07
-3.66946318 -49.9999843555581 4.88017535
0 0

0101101
*
Ed
 1e-07 1 1 0
1  1 0 0 3.82030294841355
2  1 2 0 0 3.82030294841355
4 C0 1 0 2 0
0

0101000
+764 0 -763 0 *
Ve
1e-07
-3.94959524 -49.9999843555581 4.03150278
0 0

0101101
*
Ed
 1e-07 1 1 0
1  2 0 -1.97479762 -1.69466556
4 C0 1 0 3 0
0

0101000
+761 0 -764 0 *
Ve
1e-07
-4.06116444 -49.9999843555581 3.96822844
0 0

0101101
*
Ed
 1e-07 1 1 0
1  3 0 5.25138484629456 6.28318530717959
2  2 4 0 5.25138484629456 6.28318530717959
4 C0 1 0 4 0
0

0101000
+759 0 -761 0 *
Ve
1e-07
-4.43096492 -49.9999843555581 3.61678109
0 0

0101101
*
Ed
 1e-07 1 1 0
1  4 0 0 0.543686645883204
2  3 5 0 0 0.543686645883204
4 C0 1 0 5 0
0

0101000
+757 0 -759 0 *
Ve
1e-07
-4.5 -49.9999843555581 3.50196263
0 0

0101101
*
Ed
 1e-07 1 1 0
1  5 0 5.20050260614793 6.28318530717959
2  4 6 0 5.20050260614793 6.28318530717959
4 C0 1 0 6 0
0

0101000
+755 0 -757 0 *
Ve
1e-07
-4.5 -49.9999843555581 0.4
0 0

0101101
*
Ed
 1e-07 1 1 0
1  6 0 -1.425000005 1.676962625
4 C0 1 0 7 0
0

0101000
+753 0 -755 0 *
Ve
1e-07
-4.1 -49.9999843555581 0
0 0

0101101
*
Ed
 1e-07 1 1 0
1  7 0 0.30052037846875 0.866205803417988
4 C0 1 0 8 0
0

0101000
+751 0 -753 0 *
Ve
1e-07
4.1 -49.9999843555581 0
0 0

0101101
*
Ed
 1e-07 1 1 0
1  8 0 -2.05 6.15
4 C0 1 0 9 0
0

0101000
+749 0 -751 0 *
Ve
1e-07
4.5 -49.9999843555581 0.4
0 0

0101101
*
Ed
 1e-07 1 1 0
1  9 0 -0.583363090943368 -0.0176776659941296
