<?xml version='1.0' encoding='utf-8'?>
<!-- FreeCAD DocumentObject -->
<Document SchemaVersion="4" FileVersion="2">
<Object name="Solid054">
  <Properties Count="8" TransientCount="1">
    <_Property name="_ElementMapVersion" type="App::PropertyString" status="234881024"/>
    <Property name="ColoredElements" type="App::PropertyLinkSubHidden" status="218103808">
      <LinkSub value="" count="0">
      </LinkSub>
    </Property>
    <Property name="ExpressionEngine" type="App::PropertyExpressionEngine" status="67108864">
      <ExpressionEngine count="0"></ExpressionEngine>
    </Property>
    <Property name="Label" type="App::PropertyString" status="134217728">
      <String value="hiFlowInsulator:1"/>
    </Property>
    <Property name="Label2" type="App::PropertyString" status="128">
      <String value=""/>
    </Property>
    <Property name="Placement" type="App::PropertyPlacement" status="8388608">
      <PropertyPlacement Px="0" Py="0" Pz="0" Q0="0" Q1="0" Q2="0" Q3="1" A="0" Ox="0" Oy="0" Oz="1"/>
    </Property>
    <Property name="Shape" type="Part::PropertyPartShape">
      <Part ElementMap="0.15.70200.4" brep="1">
<![CDATA[

CASCADE Topology V1, (c) Matra-Datavision
Locations 1
1
              1               0               0               0 
              0               1               0               0 
              0               0               1               0 
Curve2ds 26
1 0 6.2831853071795862 1 0 
1 9.4247779607693793 -17.9227272727274 -1 0 
1 -6.2831853071795862 6.2831853071795862 1 0 
1 9.4247779607693793 -17.9227272727274 -1 0 
1 -3.1415926535897931 6.2831853071795862 0 -1 
1 3.1415926535897931 6.2831853071795862 0 -1 
1 6.2831853071795862 4.7123889803846897 -1 0 
1 -6.2831853071795862 6.2831853071795862 1 0 
1 -6.2831853071795862 -27.522727272727401 1 0 
1 -3.1415926535897931 6.2831853071795862 0 -1 
1 3.1415926535897931 6.2831853071795862 0 -1 
1 6.2831853071795862 4.7123889803847385 -1 0 
1 -6.2831853071795862 -22.722727272727397 1 0 
1 -3.1415926535897931 0 0 -1 
1 3.1415926535897931 0 0 -1 
1 3.1415926535897931 0 0 -1 
1 9.4247779607693793 0 0 -1 
1 0 -22.722727272727397 1 0 
1 9.4247779607693793 0 0 1 
1 3.1415926535897931 0 0 1 
1 0 -17.722727272727401 1 0 
1 0 -23.9227272727274 1 0 
1 9.4247779607693793 0 0 1 
1 3.1415926535897931 0 0 1 
1 0 -23.9227272727274 1 0 
1 0 -27.722727272727401 1 0 
Curves 17
2 -2.9413980825652999e-15 4.2999999999999998 8.6736173798840296e-16 0 -1 0 -0.16162915091302196 -0 -0.98685156815761077 0.98685156815761077 0 -0.16162915091302196 5.25
2 -2.9413980825652999e-15 4.2999999999999998 8.6736173798840296e-16 0 -1 0 -0.16162915091302196 -0 -0.98685156815761077 0.98685156815761077 0 -0.16162915091302196 5.25
2 0.81622721211075799 4.2999999999999998 4.9836004191959402 -0.98685156815761077 0 0.16162915091302196 0.16162915091302196 0 0.98685156815761077 0 1 -0 0.20000000000000001
2 -2.9413980825652999e-15 4.5 8.6736173798840296e-16 0 1 0 -0.16162915091302196 0 -0.98685156815761077 -0.98685156815761077 0 0.16162915091302196 5.0499999999999998
2 -2.9413980825652999e-15 -5.2999999999999998 8.6736173798840296e-16 0 1 0 0.16162915091302196 -0 0.98685156815761077 0.98685156815761077 0 -0.16162915091302196 6.0000000000000098
2 -0.93744907529553201 -5.2999999999999998 -5.7237390953141398 -0.98685156815761077 0 0.16162915091302196 -0.16162915091302196 0 -0.98685156815761077 -0 -1 0 0.20000000000000001
2 -2.9413980825652999e-15 -5.5 8.6736173798840296e-16 0 -1 0 0.16162915091302196 0 0.98685156815761077 -0.98685156815761077 0 0.16162915091302196 5.8000000000000096
2 -2.9413980825652999e-15 -0.499999999999997 8.6736173798840296e-16 0 1 0 0.16162915091302196 -0 0.98685156815761077 0.98685156815761077 0 -0.16162915091302196 6
1 -0.96977490547813605 22.222727272727401 -5.9211094089456697 0 -1 0 
1 -0.84855304229336903 22.222727272727401 -5.1809707328274603 0 -1 0 
2 -2.9413980825652999e-15 -0.499999999999997 8.6736173798840296e-16 0 1 0 0.16162915091302196 -0 0.98685156815761077 0.98685156815761077 0 -0.16162915091302196 5.25
1 -0.64651660365209196 22.222727272727401 -3.9474062726304502 0 1 0 
2 -2.9413980825652999e-15 4.5 8.6736173798840296e-16 0 1 0 0.16162915091302196 -0 0.98685156815761077 0.98685156815761077 0 -0.16162915091302196 4
2 -2.9413980825652999e-15 -1.7 8.6736173798840296e-16 0 1 0 0.16162915091302196 -0 0.98685156815761077 0.98685156815761077 0 -0.16162915091302196 4
1 -0.76773846683685798 22.222727272727401 -4.6875449487486502 0 1 0 
2 -2.9413980825652999e-15 -1.7 8.6736173798840296e-16 0 1 0 0.16162915091302196 -0 0.98685156815761077 0.98685156815761077 0 -0.16162915091302196 4.75
2 -2.9413980825652999e-15 -5.5 8.6736173798840296e-16 0 1 0 0.16162915091302196 -0 0.98685156815761077 0.98685156815761077 0 -0.16162915091302196 4.75
Polygon3D 0
PolygonOnTriangulations 0
Surfaces 10
5 -2.9413980825652999e-15 4.2999999999999998 8.6736173798840296e-16 0 -1 0 -0.16162915091302196 -0 -0.98685156815761077 0.98685156815761077 0 -0.16162915091302196 5.0499999999999998 0.20000000000000001
2 -2.9413980825652999e-15 22.222727272727401 8.6736173798840296e-16 0 1 0 0.16162915091302196 -0 0.98685156815761077 0.98685156815761077 0 -0.16162915091302196 5.25
1 3.94740627263044 4.5 -0.64651660365208796 0 -1 0 -0.16162915091302196 -0 -0.98685156815761077 0.98685156815761077 0 -0.16162915091302196 
5 -2.9413980825652999e-15 -5.2999999999999998 8.6736173798840296e-16 0 1 0 0.16162915091302196 -0 0.98685156815761077 0.98685156815761077 0 -0.16162915091302196 5.7999999999999998 0.20000000000000001
2 -2.9413980825652999e-15 22.222727272727401 8.6736173798840296e-16 0 1 0 0.16162915091302196 -0 0.98685156815761077 0.98685156815761077 0 -0.16162915091302196 6.0000000000000098
1 5.9211094089456697 -5.5 -0.96977490547813205 0 1 0 0.16162915091302196 -0 0.98685156815761077 0.98685156815761077 0 -0.16162915091302196 
1 5.1809707328274603 -0.499999999999998 -0.84855304229336503 0 -1 0 -0.16162915091302196 -0 -0.98685156815761077 0.98685156815761077 0 -0.16162915091302196 
2 -2.9413980825652999e-15 22.222727272727401 8.6736173798840296e-16 0 1 0 0.16162915091302196 -0 0.98685156815761077 0.98685156815761077 0 -0.16162915091302196 4
1 4.6875449487486502 -1.7 -0.76773846683685398 0 1 0 0.16162915091302196 -0 0.98685156815761077 0.98685156815761077 0 -0.16162915091302196 
2 -2.9413980825652999e-15 22.222727272727401 8.6736173798840296e-16 0 1 0 0.16162915091302196 -0 0.98685156815761077 0.98685156815761077 0 -0.16162915091302196 4.75
Triangulations 0

TShapes 54
Ve
1e-07
-0.848553042293368 4.3 -5.18097073282746
0 0

0101101
*
Ve
1e-07
0.848553042293362 4.3 5.18097073282746
0 0

0101101
*
Ed
 1e-07 1 1 0
1  1 0 0 3.14159265358979
2  1 1 0 0 3.14159265358979
2  2 2 0 0 3.14159265358979
4 G1 1 0 2 0
0

0101000
+54 0 -53 0 *
Ed
 1e-07 1 1 0
1  2 0 3.14159265358979 6.28318530717959
2  3 1 0 3.14159265358979 6.28318530717959
2  4 2 0 3.14159265358979 6.28318530717959
4 G1 1 0 2 0
0

0101000
+53 0 -54 0 *
Ve
1e-07
0.816227212110758 4.5 4.98360041919594
0 0

0101101
*
Ed
 1e-07 1 1 0
1  3 0 0 1.5707963267949
3  5 6CN 1 0 0 1.5707963267949
0

0101000
+53 0 -50 0 *
Ed
 1e-07 1 1 0
1  4 0 3.14159265358979 9.42477796076938
2  7 1 0 3.14159265358979 9.42477796076938
4 G1 1 0 3 0
0

0101000
+50 0 -50 0 *
Wi

0101100
-52 0 -51 0 +49 0 -48 0 -49 0 *
Fa
0  1e-07 1 0

0101000
+47 0 *
Ve
1e-07
-0.969774905478136 -5.3 -5.92110940894567
0 0

0101101
*
Ed
 1e-07 1 1 0
1  5 0 3.14159265358979 9.42477796076938
2  8 4 0 3.14159265358979 9.42477796076938
2  9 5 0 3.14159265358979 9.42477796076938
4 G1 4 0 5 0
0

0101000
+45 0 -45 0 *
Ve
1e-07
-0.937449075295532 -5.5 -5.72373909531415
0 0

0101101
*
Ed
 1e-07 1 1 0
1  6 0 0 1.57079632679485
3  10 11CN 4 0 0 1.57079632679485
0

0101000
+45 0 -43 0 *
Ed
 1e-07 1 1 0
1  7 0 3.14159265358979 9.42477796076938
2  12 4 0 3.14159265358979 9.42477796076938
4 G1 4 0 6 0
0

0101000
+43 0 -43 0 *
Wi

0101100
-44 0 +42 0 -41 0 -42 0 *
Fa
0  1e-07 4 0

0101000
+40 0 *
Ve
1e-07
-0.969774905478136 -0.499999999999998 -5.92110940894567
0 0

0101101
*
Ed
 1e-07 1 1 0
1  8 0 3.14159265358979 9.42477796076938
2  13 5 0 3.14159265358979 9.42477796076938
4 C0 5 0 7 0
0

0101000
+38 0 -38 0 *
Ed
 1e-07 1 1 0
1  9 0 22.7227272727274 27.5227272727274
3  14 15CN 5 0 22.7227272727274 27.5227272727274
0

0101000
+38 0 -45 0 *
Wi

0101100
-37 0 +36 0 +44 0 -36 0 *
Fa
0  1e-07 5 0

0101000
+35 0 *
Ve
1e-07
-0.848553042293369 -0.499999999999998 -5.18097073282746
0 0

0101101
*
Ed
 1e-07 1 1 0
1  10 0 17.9227272727274 22.7227272727274
3  16 17CN 2 0 17.9227272727274 22.7227272727274
0

0101000
+54 0 -33 0 *
Ed
 1e-07 1 1 0
1  11 0 3.14159265358979 9.42477796076938
2  18 2 0 3.14159265358979 9.42477796076938
4 C0 2 0 7 0
0

0101000
+33 0 -33 0 *
Wi

0101100
+52 0 +51 0 +32 0 +31 0 -32 0 *
Fa
0  1e-07 2 0

0101000
+30 0 *
Ve
1e-07
-0.646516603652092 -1.69999999999999 -3.94740627263045
0 0

0101101
*
Ve
1e-07
-0.646516603652092 4.5 -3.94740627263045
0 0

0101101
*
Ed
 1e-07 1 1 0
1  12 0 -23.9227272727274 -17.7227272727274
3  19 20CN 8 0 -23.9227272727274 -17.7227272727274
0

0101000
+28 0 -27 0 *
Ed
 1e-07 1 1 0
1  13 0 3.14159265358979 9.42477796076938
2  21 8 0 3.14159265358979 9.42477796076938
4 C0 8 0 3 0
0

0101000
+27 0 -27 0 *
Ed
 1e-07 1 1 0
1  14 0 3.14159265358979 9.42477796076938
2  22 8 0 3.14159265358979 9.42477796076938
4 C0 8 0 9 0
0

0101000
+28 0 -28 0 *
Wi

0101100
+26 0 -25 0 -26 0 +24 0 *
Fa
0  1e-07 8 0

0101000
+23 0 *
Ve
1e-07
-0.767738466836858 -5.5 -4.68754494874865
0 0

0101101
*
Ve
1e-07
-0.767738466836858 -1.69999999999999 -4.68754494874865
0 0

0101101
*
Ed
 1e-07 1 1 0
1  15 0 -27.7227272727274 -23.9227272727274
3  23 24CN 10 0 -27.7227272727274 -23.9227272727274
0

0101000
+21 0 -20 0 *
Ed
 1e-07 1 1 0
1  16 0 3.14159265358979 9.42477796076938
2  25 10 0 3.14159265358979 9.42477796076938
4 C0 10 0 9 0
0

0101000
+20 0 -20 0 *
Ed
 1e-07 1 1 0
1  17 0 3.14159265358979 9.42477796076938
2  26 10 0 3.14159265358979 9.42477796076938
4 C0 10 0 6 0
0

0101000
+21 0 -21 0 *
Wi

0101100
+19 0 -18 0 -19 0 +17 0 *
Fa
0  1e-07 10 0

0101000
+16 0 *
Wi

0101100
+41 0 *
Wi

0101100
+17 0 *
Fa
0  1e-07 6 0

0101000
-14 0 -13 0 *
Wi

0101100
-18 0 *
Wi

0101100
+24 0 *
Fa
0  1e-07 9 0

0101000
-11 0 -10 0 *
Wi

0101100
+48 0 *
Wi

0101100
-25 0 *
Fa
0  1e-07 3 0

0101000
-8 0 -7 0 *
Wi

0101100
+37 0 *
Wi

0101100
-31 0 *
Fa
0  1e-07 7 0

0101000
-5 0 -4 0 *
Sh

0101100
+46 0 +39 0 +34 0 +29 0 -22 0 -15 0 -12 0 -9 0 -6 0 -3 0 
*
So

0100000
+2 0 *

+1 1 ]]>
      </Part>
      <ElementMap/>
    </Property>
    <Property name="TreeRank" type="App::PropertyInteger" status="2184">
      <Integer value="488"/>
    </Property>
    <Property name="Visibility" type="App::PropertyBool" status="648">
      <Bool value="true"/>
    </Property>
  </Properties>
</Object>
</Document>
