<?xml version='1.0' encoding='utf-8'?>
<!-- FreeCAD DocumentObject -->
<Document SchemaVersion="4" FileVersion="2">
<Object name="Solid038">
  <Properties Count="8" TransientCount="1">
    <_Property name="_ElementMapVersion" type="App::PropertyString" status="234881024"/>
    <Property name="ColoredElements" type="App::PropertyLinkSubHidden" status="218103808">
      <LinkSub value="" count="0">
      </LinkSub>
    </Property>
    <Property name="ExpressionEngine" type="App::PropertyExpressionEngine" status="67108864">
      <ExpressionEngine count="0"></ExpressionEngine>
    </Property>
    <Property name="Label" type="App::PropertyString" status="134217728">
      <String value="drive_gears_all:1"/>
    </Property>
    <Property name="Label2" type="App::PropertyString" status="128">
      <String value=""/>
    </Property>
    <Property name="Placement" type="App::PropertyPlacement" status="8388608">
      <PropertyPlacement Px="1.78e-14" Py="1.066e-13" Pz="19.4999999999999" Q0="0.2117237108325595" Q1="0.6746651541848674" Q2="0.6746651541848674" Q3="0.2117237108325594" A="2.714916016731594" Ox="0.2166349196222152" Oy="0.6903148961163581" Oz="0.6903148961163581"/>
    </Property>
    <Property name="Shape" type="Part::PropertyPartShape">
      <Part ElementMap="0.15.70200.4" brep="1">
<![CDATA[

CASCADE Topology V1, (c) Matra-Datavision
Locations 1
1
-0.820692281085163               0 0.571370440053764 1.77635683940025e-14 
0.571370440053764               0 0.820692281085163 1.06581410364015e-13 
              0               1               0 19.4999999999999 
Curve2ds 324
1 9.4247779607693793 0 0 1 
1 3.1415926535897931 0 0 1 
1 12.566370614359172 4 -1 0 
1 0 0 1 0 
1 1.474260917523085 0 0 1 
1 0.09162589054537934 0 0 1 
1 6.2831853071795862 4 -1 0 
1 0 0 0 1 
1 0 0 1 0 
1 0 0 1 0 
1 0 4 1 0 
1 0 0 0 1 
1 0 0 0 1 
1 1.4742609175230634 0 0 1 
1 6.283185307179588 4 -1 0 
1 0 0 1 0 
7 0 0  1 2 2  1.0000000000000024 1.3183898417423736e-17  1.0000000000000024 0.39999999999999997 
 0 2 4 2
1 6.689580554725822e-16 1.3183898417423736e-17 1 0 
1 6.689580554725822e-16 0.39999999999999997 1 0 
7 0 0  1 2 2  6.689580554725822e-16 1.3183898417423736e-17  6.689580554725822e-16 0.39999999999999997 
 0 2 4 2
7 0 0  1 2 2  1.0000000000000002 1.3183898417423736e-17  1.0000000000000002 0.39999999999999997 
 0 2 4 2
1 2.3282824961892634e-17 1.3183898417423736e-17 1 0 
1 2.3282824961892634e-17 0.39999999999999997 1 0 
7 0 0  1 2 2  2.3282824961892634e-17 1.3183898417423736e-17  -6.6363899643010089e-17 0.39999999999999997 
 0 2 4 2
1 0.0977175666603117 0 0 1 
1 0 0 1 0 
1 0 4 1 0 
1 0 0 0 1 
7 0 0  1 2 2  0.99999999999999956 1.3183898417423736e-17  0.99999999999999978 0.39999999999999997 
 0 2 4 2
7 0 0  1 2 2  -1.1976205715099443e-15 1.3183898417423736e-17  0.99999999999999978 1.3183898417423736e-17 
 -0.055009126687763699 2 0 2
7 0 0  1 2 2  -1.1976205715099443e-15 0.39999999999999997  0.99999999999999956 0.39999999999999997 
 -0.055009126687752201 2 0 2
7 0 0  1 2 2  -1.1976205715099443e-15 1.3183898417423736e-17  -9.6441674126269908e-16 0.39999999999999997 
 0 2 4 2
7 0 0  1 2 2  1.0000000000000002 1.3183898417423736e-17  1.0000000000000002 0.39999999999999997 
 0 2 4 2
1 1.4443405306620539e-15 1.3183898417423736e-17 1 0 
1 1.4443405306620539e-15 0.39999999999999997 1 0 
7 0 0  1 2 2  1.4443405306620539e-15 1.3183898417423736e-17  1.4443405306620539e-15 0.39999999999999997 
 0 2 4 2
1 0 0 0 1 
1 1.474260917523152 0 0 1 
1 0.091625890545363964 0 0 1 
1 6.2831853071795862 4 -1 0 
1 0 0 1 0 
1 0 0 1 0 
1 0 4 1 0 
1 0 0 0 1 
1 0 0 0 1 
1 1.474260917523148 0 0 1 
1 6.2831853071795853 4 -1 0 
1 0 0 1 0 
7 0 0  1 2 2  0.99999999999999778 1.3183898417423736e-17  0.99999999999999778 0.39999999999999997 
 0 2 4 2
1 -1.8809618283484654e-16 1.3183898417423736e-17 1 0 
1 -1.8809618283484654e-16 0.39999999999999997 1 0 
7 0 0  1 2 2  -1.8809618283484654e-16 1.3183898417423736e-17  -1.8809618283484654e-16 0.39999999999999997 
 0 2 4 2
7 0 0  1 2 2  0.999999999999999 1.3183898417423736e-17  0.99999999999999989 0.39999999999999997 
 0 2 4 2
1 -2.2398637667141381e-16 1.3183898417423736e-17 1 0 
1 -2.2398637667141381e-16 0.39999999999999997 1 0 
7 0 0  1 2 2  -2.2398637667141381e-16 1.3183898417423736e-17  1.6013232581396737e-17 0.39999999999999997 
 0 2 4 2
1 0.097717566660315988 0 0 1 
1 0 0 1 0 
1 0 4 1 0 
1 0 0 0 1 
7 0 0  1 2 2  1.0000000000000002 1.3183898417423736e-17  1.0000000000000002 0.39999999999999997 
 0 2 4 2
7 0 0  1 2 2  5.2068048410170863e-16 1.3183898417423736e-17  1.0000000000000002 1.3183898417423736e-17 
 -0.0550091266877571 2 0 2
7 0 0  1 2 2  5.2068048410170863e-16 0.39999999999999997  1.0000000000000002 0.39999999999999997 
 -0.0550091266877527 2 0 2
7 0 0  1 2 2  5.2068048410170863e-16 1.3183898417423736e-17  5.2068048410170863e-16 0.39999999999999997 
 0 2 4 2
7 0 0  1 2 2  1.0000000000000007 1.3183898417423736e-17  1.0000000000000007 0.39999999999999997 
 0 2 4 2
1 5.757792062187507e-15 1.3183898417423736e-17 1 0 
1 5.757792062187507e-15 0.39999999999999997 1 0 
7 0 0  1 2 2  5.757792062187507e-15 1.3183898417423736e-17  5.757792062187507e-15 0.39999999999999997 
 0 2 4 2
1 0 0 0 1 
1 1.474260917523166 0 0 1 
1 0.091625890545361036 0 0 1 
1 6.2831853071795862 4 -1 0 
1 0 0 1 0 
1 0 0 1 0 
1 0 4 1 0 
1 0 0 0 1 
1 0 0 0 1 
1 1.4742609175231718 0 0 1 
1 6.2831853071795862 4 -1 0 
1 0 0 1 0 
7 0 0  1 2 2  1.0000000000000011 1.3183898417423736e-17  1.0000000000000011 0.39999999999999997 
 0 2 4 2
1 4.7467560100827868e-17 1.3183898417423736e-17 1 0 
1 4.7467560100827868e-17 0.39999999999999997 1 0 
7 0 0  1 2 2  4.7467560100827868e-17 1.3183898417423736e-17  4.7467560100827868e-17 0.39999999999999997 
 0 2 4 2
7 0 0  1 2 2  1 1.3183898417423736e-17  1.0000000000000002 0.39999999999999997 
 0 2 4 2
1 6.5359256306716611e-18 1.3183898417423736e-17 1 0 
1 6.5359256306716611e-18 0.39999999999999997 1 0 
7 0 0  1 2 2  1.3764336444195041e-14 1.3183898417423736e-17  1.3745852746461274e-14 0.39999999999999997 
 0 2 4 2
1 0.09771756666031578 0 0 1 
1 0 0 1 0 
1 0 4 1 0 
1 0 0 0 1 
7 0 0  1 2 2  1.0000000000000002 1.3183898417423736e-17  1.0000000000000002 0.39999999999999997 
 0 2 4 2
7 0 0  1 2 2  5.9847775129051e-16 1.3183898417423736e-17  1.0000000000000002 1.3183898417423736e-17 
 -0.055009126687749599 2 0 2
7 0 0  1 2 2  5.9847775129051e-16 0.39999999999999997  1.0000000000000002 0.39999999999999997 
 -0.055009126687749599 2 0 2
7 0 0  1 2 2  5.9847775129051e-16 1.3183898417423736e-17  -1.7942176662693583e-16 0.39999999999999997 
 0 2 4 2
7 0 0  1 2 2  0.99999999999999911 1.3183898417423736e-17  0.999999999999998 0.39999999999999997 
 0 2 4 2
1 -1.0165516892194939e-14 1.3183898417423736e-17 1 0 
1 -1.0165516892194939e-14 0.39999999999999997 1 0 
7 0 0  1 2 2  -1.0165516892194939e-14 1.3183898417423736e-17  -8.283532844074705e-15 0.39999999999999997 
 0 2 4 2
1 0 0 0 1 
1 1.4742609175231689 0 0 1 
1 0.091625890545364769 0 0 1 
1 6.2831853071795862 4 -1 0 
1 0 0 1 0 
1 0 0 1 0 
1 0 4 1 0 
1 0 0 0 1 
1 0 0 0 1 
1 1.4742609175231614 0 0 1 
1 6.2831853071795862 4 -1 0 
1 0 0 1 0 
7 0 0  1 2 2  1.0000000000000044 1.3183898417423736e-17  1.0000000000000044 0.39999999999999997 
 0 2 4 2
1 1.3039196871504429e-15 1.3183898417423736e-17 1 0 
1 1.3039196871504429e-15 0.39999999999999997 1 0 
7 0 0  1 2 2  1.3039196871504429e-15 1.3183898417423736e-17  1.2238416279304024e-15 0.39999999999999997 
 0 2 4 2
7 0 0  1 2 2  0.99999999999999878 1.3183898417423736e-17  0.99999999999999878 0.39999999999999997 
 0 2 4 2
1 -5.2885540400965664e-16 1.3183898417423736e-17 1 0 
1 -5.2885540400965664e-16 0.39999999999999997 1 0 
7 0 0  1 2 2  -5.2885540400965664e-16 1.3183898417423736e-17  -3.7721323701776852e-16 0.39999999999999997 
 0 2 4 2
1 0.097717566660311769 0 0 1 
1 0 0 1 0 
1 0 4 1 0 
1 0 0 0 1 
7 0 0  1 2 2  0.99999999999999967 1.3183898417423736e-17  0.99999999999999956 0.39999999999999997 
 0 2 4 2
7 0 0  1 2 2  1.3066664425312308e-17 1.3183898417423736e-17  0.99999999999999956 1.3183898417423736e-17 
 -0.055009126687758897 2 0 2
7 0 0  1 2 2  1.3066664425312308e-17 0.39999999999999997  0.99999999999999967 0.39999999999999997 
 -0.055009126687759403 2 0 2
7 0 0  1 2 2  1.3066664425312308e-17 1.3183898417423736e-17  -2.1463985095539652e-17 0.39999999999999997 
 0 2 4 2
7 0 0  1 2 2  1.0000000000000011 1.3183898417423736e-17  1.0000000000000011 0.39999999999999997 
 0 2 4 2
1 6.8196535684252195e-15 1.3183898417423736e-17 1 0 
1 6.8196535684252195e-15 0.39999999999999997 1 0 
7 0 0  1 2 2  6.8196535684252195e-15 1.3183898417423736e-17  6.7359666161441389e-15 0.39999999999999997 
 0 2 4 2
1 0 0 0 1 
1 1.4742609175231112 0 0 1 
1 0.091625890545380187 0 0 1 
1 6.2831853071795862 4 -1 0 
1 0 0 1 0 
1 0 0 1 0 
1 0 4 1 0 
1 0 0 0 1 
1 0 0 0 1 
1 1.4742609175231056 0 0 1 
1 6.2831853071795862 4 -1 0 
1 0 0 1 0 
7 0 0  1 2 2  1.000000000000004 1.3183898417423736e-17  1.000000000000004 0.39999999999999997 
 0 2 4 2
1 -2.061554505299972e-16 1.3183898417423736e-17 1 0 
1 -2.061554505299972e-16 0.39999999999999997 1 0 
7 0 0  1 2 2  -2.061554505299972e-16 1.3183898417423736e-17  3.2829015409416229e-16 0.39999999999999997 
 0 2 4 2
7 0 0  1 2 2  1.0000000000000007 1.3183898417423736e-17  1.0000000000000011 0.39999999999999997 
 0 2 4 2
1 3.0337790317598891e-16 1.3183898417423736e-17 1 0 
1 3.0337790317598891e-16 0.39999999999999997 1 0 
7 0 0  1 2 2  3.0337790317598891e-16 1.3183898417423736e-17  2.1007317602858361e-16 0.39999999999999997 
 0 2 4 2
1 0.097717566660314004 0 0 1 
1 0 0 1 0 
1 0 4 1 0 
1 0 0 0 1 
7 0 0  1 2 2  1.0000000000000002 1.3183898417423736e-17  1.0000000000000002 0.39999999999999997 
 0 2 4 2
7 0 0  1 2 2  8.3564808411655431e-16 1.3183898417423736e-17  1.0000000000000002 1.3183898417423736e-17 
 -0.055009126687753401 2 0 2
7 0 0  1 2 2  8.3564808411655431e-16 0.39999999999999997  1.0000000000000002 0.39999999999999997 
 -0.055009126687754303 2 0 2
7 0 0  1 2 2  8.3564808411655431e-16 1.3183898417423736e-17  1.0654784874040936e-15 0.39999999999999997 
 0 2 4 2
7 0 0  1 2 2  0.99999999999999989 1.3183898417423736e-17  1.0000000000000002 0.39999999999999997 
 0 2 4 2
1 -8.4132793966427044e-16 1.3183898417423736e-17 1 0 
1 -8.4132793966427044e-16 0.39999999999999997 1 0 
7 0 0  1 2 2  -8.4132793966427044e-16 1.3183898417423736e-17  -8.4132793966427044e-16 0.39999999999999997 
 0 2 4 2
1 0 0 0 1 
1 1.4742609175231367 0 0 1 
1 0.091625890545361147 0 0 1 
1 6.2831853071795853 4 -1 0 
1 0 0 1 0 
1 0 0 1 0 
1 0 4 1 0 
1 0 0 0 1 
1 0 0 0 1 
1 1.4742609175231665 0 0 1 
1 6.283185307179588 4 -1 0 
1 0 0 1 0 
7 0 0  1 2 2  1.0000000000000024 1.3183898417423736e-17  1.0000000000000024 0.39999999999999997 
 0 2 4 2
1 6.689580554725822e-16 1.3183898417423736e-17 1 0 
1 6.689580554725822e-16 0.39999999999999997 1 0 
7 0 0  1 2 2  6.689580554725822e-16 1.3183898417423736e-17  6.689580554725822e-16 0.39999999999999997 
 0 2 4 2
7 0 0  1 2 2  1.0000000000000002 1.3183898417423736e-17  1.0000000000000002 0.39999999999999997 
 0 2 4 2
1 2.3282824961892634e-17 1.3183898417423736e-17 1 0 
1 1.2635402998398459e-14 0.39999999999999997 1 0 
7 0 0  1 2 2  1.2635402998398459e-14 1.3183898417423736e-17  1.2609689947552783e-14 0.39999999999999997 
 0 2 4 2
1 0.097717566660312852 0 0 1 
1 0 0 1 0 
1 0 4 1 0 
1 0 0 0 1 
7 0 0  1 2 2  0.99999999999999956 1.3183898417423736e-17  0.99999999999999978 0.39999999999999997 
 0 2 4 2
7 0 0  1 2 2  -8.0892324089143486e-16 1.3183898417423736e-17  0.99999999999999978 1.3183898417423736e-17 
 -0.055009126687756302 2 0 2
7 0 0  1 2 2  -8.0892324089143486e-16 0.39999999999999997  0.99999999999999956 0.39999999999999997 
 -0.0550091266877656 2 0 2
7 0 0  1 2 2  -8.0892324089143486e-16 1.3183898417423736e-17  -5.7571941064419133e-16 0.39999999999999997 
 0 2 4 2
7 0 0  1 2 2  1.0000000000000002 1.3183898417423736e-17  1.0000000000000002 0.39999999999999997 
 0 2 4 2
1 1.3686671894985936e-15 1.3183898417423736e-17 1 0 
1 1.3686671894985936e-15 0.39999999999999997 1 0 
7 0 0  1 2 2  1.3686671894985936e-15 1.3183898417423736e-17  1.3686671894985936e-15 0.39999999999999997 
 0 2 4 2
1 0 0 0 1 
1 1.474260917523244 0 0 1 
1 0.091625890545363381 0 0 1 
1 6.2831853071795862 4 -1 0 
1 0 0 1 0 
1 0 0 1 0 
1 0 4 1 0 
1 0 0 0 1 
1 0 0 0 1 
1 1.4742609175230745 0 0 1 
1 6.283185307179588 4 -1 0 
1 0 0 1 0 
7 0 0  1 2 2  0.99999999999999778 1.3183898417423736e-17  0.99999999999999778 0.39999999999999997 
 0 2 4 2
1 -1.8809618283484654e-16 1.3183898417423736e-17 1 0 
1 -1.8809618283484654e-16 0.39999999999999997 1 0 
7 0 0  1 2 2  -1.8809618283484654e-16 1.3183898417423736e-17  -1.8809618283484654e-16 0.39999999999999997 
 0 2 4 2
7 0 0  1 2 2  0.999999999999999 1.3183898417423736e-17  0.99999999999999989 0.39999999999999997 
 0 2 4 2
1 -2.2398637667141381e-16 1.3183898417423736e-17 1 0 
1 -2.2398637667141381e-16 0.39999999999999997 1 0 
7 0 0  1 2 2  -2.2398637667141381e-16 1.3183898417423736e-17  1.6013232581396737e-17 0.39999999999999997 
 0 2 4 2
1 0.097717566660312158 0 0 1 
1 0 0 1 0 
1 0 4 1 0 
1 0 0 0 1 
7 0 0  1 2 2  1.0000000000000002 1.3183898417423736e-17  1.0000000000000002 0.39999999999999997 
 0 2 4 2
7 0 0  1 2 2  5.2068048410170863e-16 1.3183898417423736e-17  1.0000000000000002 1.3183898417423736e-17 
 -0.0550091266877571 2 0 2
7 0 0  1 2 2  5.2068048410170863e-16 0.39999999999999997  1.0000000000000002 0.39999999999999997 
 -0.0550091266877527 2 0 2
7 0 0  1 2 2  5.2068048410170863e-16 1.3183898417423736e-17  5.2068048410170863e-16 0.39999999999999997 
 0 2 4 2
7 0 0  1 2 2  1.0000000000000007 1.3183898417423736e-17  1.0000000000000007 0.39999999999999997 
 0 2 4 2
1 5.757792062187507e-15 1.3183898417423736e-17 1 0 
1 5.757792062187507e-15 0.39999999999999997 1 0 
7 0 0  1 2 2  5.757792062187507e-15 1.3183898417423736e-17  5.757792062187507e-15 0.39999999999999997 
 0 2 4 2
1 0 0 0 1 
1 1.4742609175230863 0 0 1 
1 0.091625890545381436 0 0 1 
1 6.2831853071795862 4 -1 0 
1 0 0 1 0 
1 0 0 1 0 
1 0 4 1 0 
1 0 0 0 1 
1 0 0 0 1 
1 1.4742609175230146 0 0 1 
1 6.283185307179588 4 -1 0 
1 0 0 1 0 
7 0 0  1 2 2  1.0000000000000011 1.3183898417423736e-17  1.0000000000000011 0.39999999999999997 
 0 2 4 2
1 4.7467560100827868e-17 1.3183898417423736e-17 1 0 
1 4.7467560100827868e-17 0.39999999999999997 1 0 
7 0 0  1 2 2  4.7467560100827868e-17 1.3183898417423736e-17  4.7467560100827868e-17 0.39999999999999997 
 0 2 4 2
7 0 0  1 2 2  1 1.3183898417423736e-17  1.0000000000000002 0.39999999999999997 
 0 2 4 2
1 6.5359256306716611e-18 1.3183898417423736e-17 1 0 
1 1.3764336444195041e-14 0.39999999999999997 1 0 
7 0 0  1 2 2  1.3764336444195041e-14 1.3183898417423736e-17  1.3761549313690043e-14 0.39999999999999997 
 0 2 4 2
1 0.097717566660316488 0 0 1 
1 0 0 1 0 
1 0 4 1 0 
1 0 0 0 1 
7 0 0  1 2 2  1.0000000000000002 1.3183898417423736e-17  1.0000000000000002 0.39999999999999997 
 0 2 4 2
7 0 0  1 2 2  5.9847775129051e-16 1.3183898417423736e-17  1.0000000000000002 1.3183898417423736e-17 
 -0.055009126687755303 2 0 2
7 0 0  1 2 2  5.9847775129051e-16 0.39999999999999997  1.0000000000000002 0.39999999999999997 
 -0.055009126687760201 2 0 2
7 0 0  1 2 2  5.9847775129051e-16 1.3183898417423736e-17  -1.7942176662693583e-16 0.39999999999999997 
 0 2 4 2
7 0 0  1 2 2  0.99999999999999911 1.3183898417423736e-17  0.999999999999998 0.39999999999999997 
 0 2 4 2
1 -1.0165516892194939e-14 1.3183898417423736e-17 1 0 
1 -1.0165516892194939e-14 0.39999999999999997 1 0 
7 0 0  1 2 2  -1.0165516892194939e-14 1.3183898417423736e-17  -8.283532844074705e-15 0.39999999999999997 
 0 2 4 2
1 0 0 0 1 
1 1.4742609175231418 0 0 1 
1 0.091625890545364921 0 0 1 
1 6.2831853071795871 4 -1 0 
1 0 0 1 0 
1 0 0 1 0 
1 0 4 1 0 
1 0 0 0 1 
1 0 0 0 1 
1 1.4742609175231687 0 0 1 
1 6.2831853071795871 4 -1 0 
1 0 0 1 0 
7 0 0  1 2 2  1.0000000000000042 1.3183898417423736e-17  1.0000000000000042 0.39999999999999997 
 0 2 4 2
1 1.1823941819322382e-15 1.3183898417423736e-17 1 0 
1 1.1823941819322382e-15 0.39999999999999997 1 0 
7 0 0  1 2 2  1.1823941819322382e-15 1.3183898417423736e-17  1.1023161227122007e-15 0.39999999999999997 
 0 2 4 2
7 0 0  1 2 2  0.99999999999999878 1.3183898417423736e-17  0.99999999999999878 0.39999999999999997 
 0 2 4 2
1 -5.2885540400965664e-16 1.3183898417423736e-17 1 0 
1 4.7758848891493497e-15 0.39999999999999997 1 0 
7 0 0  1 2 2  4.7758848891493497e-15 1.3183898417423736e-17  4.6753266909124612e-15 0.39999999999999997 
 0 2 4 2
1 0.097717566660311991 0 0 1 
1 0 0 1 0 
1 0 4 1 0 
1 0 0 0 1 
7 0 0  1 2 2  0.99999999999998879 1.3183898417423736e-17  0.9999999999999889 0.39999999999999997 
 0 2 4 2
7 0 0  1 2 2  6.9390959841308751e-17 1.3183898417423736e-17  0.99999999999998457 1.3183898417423736e-17 
 -0.0550091266877515 2 0 2
7 0 0  1 2 2  6.9390959841308751e-17 0.39999999999999997  0.99999999999998568 0.39999999999999997 
 -0.0550091266877493 2 0 2
7 0 0  1 2 2  6.9390959841308751e-17 1.3183898417423736e-17  6.9390959841308751e-17 0.39999999999999997 
 0 2 4 2
7 0 0  1 2 2  1.0000000000000011 1.3183898417423736e-17  1.0000000000000011 0.39999999999999997 
 0 2 4 2
1 6.8196535684252195e-15 1.3183898417423736e-17 1 0 
1 6.8196535684252195e-15 0.39999999999999997 1 0 
7 0 0  1 2 2  6.8196535684252195e-15 1.3183898417423736e-17  6.7359666161441389e-15 0.39999999999999997 
 0 2 4 2
1 0 0 0 1 
1 1.4742609175231707 0 0 1 
1 0.09162589054536277 0 0 1 
1 6.2831853071795862 4 -1 0 
1 0 0 1 0 
1 0 0 1 0 
1 0 4 1 0 
1 0 0 0 1 
1 0 0 0 1 
1 1.4742609175231838 0 0 1 
1 6.2831853071795862 4 -1 0 
1 0 0 1 0 
7 0 0  1 2 2  1.000000000000004 1.3183898417423736e-17  1.000000000000004 0.39999999999999997 
 0 2 4 2
1 -2.061554505299972e-16 1.3183898417423736e-17 1 0 
1 -2.061554505299972e-16 0.39999999999999997 1 0 
7 0 0  1 2 2  -2.061554505299972e-16 1.3183898417423736e-17  3.2829015409416229e-16 0.39999999999999997 
 0 2 4 2
7 0 0  1 2 2  1.0000000000000007 1.3183898417423736e-17  1.0000000000000011 0.39999999999999997 
 0 2 4 2
1 3.0337790317598891e-16 1.3183898417423736e-17 1 0 
1 3.0337790317598891e-16 0.39999999999999997 1 0 
7 0 0  1 2 2  3.0337790317598891e-16 1.3183898417423736e-17  2.1007317602858361e-16 0.39999999999999997 
 0 2 4 2
1 0.097717566660311173 0 0 1 
1 0 0 1 0 
1 0 4 1 0 
1 0 0 0 1 
7 0 0  1 2 2  1.0000000000000002 1.3183898417423736e-17  1.0000000000000002 0.39999999999999997 
 0 2 4 2
7 0 0  1 2 2  8.3564808411655431e-16 1.3183898417423736e-17  1.0000000000000002 1.3183898417423736e-17 
 -0.055009126687753401 2 0 2
7 0 0  1 2 2  8.3564808411655431e-16 0.39999999999999997  1.0000000000000002 0.39999999999999997 
 -0.055009126687754102 2 0 2
7 0 0  1 2 2  8.3564808411655431e-16 1.3183898417423736e-17  1.0654784874040936e-15 0.39999999999999997 
 0 2 4 2
7 0 0  1 2 2  0.99999999999999989 1.3183898417423736e-17  1.0000000000000002 0.39999999999999997 
 0 2 4 2
1 -8.4132793966427044e-16 1.3183898417423736e-17 1 0 
1 -8.4132793966427044e-16 0.39999999999999997 1 0 
7 0 0  1 2 2  -8.4132793966427044e-16 1.3183898417423736e-17  -8.4132793966427044e-16 0.39999999999999997 
 0 2 4 2
Curves 303
1 -1.25 0 1.5308084989341901e-16 0 1 0 
2 0 4 0 0 -1 0 1 0 0 -0 0 1 1.25
2 0 0 0 0 1 0 1 0 0 0 0 -1 1.25
1 -1.1704106594831301 0 -1.4648426154943299 0 1 0 
2 -1.2952544631613201 4 -1.6210924944803999 0 -1 0 -0.71744626767374564 0 0.69661384783896763 -0.69661384783896763 -0 -0.71744626767374564 0.20000000000000001
1 -1.4387437166960699 0 -1.4817697249126101 0 1 0 
2 -1.2952544631613201 0 -1.6210924944803999 0 1 0 -0.71744626767374564 0 0.69661384783896763 0.69661384783896763 -0 0.71744626767374564 0.20000000000000001
2 -4.0000000000000003e-15 0 -8.0000000000000006e-15 0 1 0 -0.55011804300524603 0 -0.83508690491473903 -0.83508690491473903 0 0.55011804300524603 1.875
2 -4.0000000000000003e-15 4 -8.0000000000000006e-15 0 1 0 -0.55011804300524603 0 -0.83508690491473903 -0.83508690491473903 0 0.55011804300524603 1.875
1 -1.03147133063483 0 -1.5657879467151301 0 1 0 
1 -0.96465049351775001 0 -1.8262186137907901 0 1 0 
2 -1.1414949392359 4 -1.7328053276980699 0 -1 0 0.55011804300533518 0 0.83508690491468029 -0.83508690491468029 0 0.55011804300533518 0.20000000000000001
2 -1.1414949392359 0 -1.7328053276980699 0 1 0 0.55011804300533518 -0 0.83508690491468029 0.83508690491468029 0 -0.55011804300533518 0.20000000000000001
1 -1.10088791765773 0 -2.0841351561356398 0.46706643046358504 0 0.88422222859075716 
1 -1.10088791765773 4 -2.0841351561356398 0.46706643046358504 0 0.88422222859075716 
1 -1.10088791765773 0 -2.0841351561356398 0 1 0 
7 0 0  3 4 2  -1.13855049013092 0 -2.2633509036663  -1.1295910969501901 0 -2.1590747241890602  -1.1088229982662701 0 -2.1026293269507299  -1.10088791765773 0 -2.0841351561356398 
 0 4 1 4
7 0 0  3 4 2  -1.13855049013092 4 -2.2633509036663  -1.1295910969501901 4 -2.1590747241890602  -1.1088229982662701 4 -2.1026293269507299  -1.10088791765773 4 -2.0841351561356398 
 0 4 1 4
1 -1.13855049013092 0 -2.2633509036663 0 1 0 
7 0 0  3 4 2  -1.0655635274473101 0 -2.8052039692533599  -1.13993407329675 0 -2.5688325549630902  -1.1487282051361201 0 -2.3863798322081  -1.13855049013092 0 -2.2633509036663 
 0 4 1 4
7 0 0  3 4 2  -1.0655635274473101 4 -2.8052039692533599  -1.13993407329675 4 -2.5688325549630902  -1.1487282051361201 4 -2.3863798322081  -1.13855049013092 4 -2.2633509036663 
 0 4 1 4
1 -1.0655635274473101 0 -2.8052039692533599 0 1 0 
2 0 0 0 0 1 0 -0.26219924927400701 0 -0.96501375828541802 -0.96501375828541802 0 0.26219924927400701 3.0007657256341602
2 0 4 0 0 1 0 -0.26219924927400701 0 -0.96501375828541802 -0.96501375828541802 0 0.26219924927400701 3.0007657256341602
1 -0.78679852050844101 0 -2.8957802106282999 0 1 0 
7 0 0  3 4 2  -0.40883305865414199 0 -2.50002703653518  -0.47333823186715501 0 -2.6058273371613998  -0.58769585365197297 0 -2.7482656295382699  -0.78679852050844101 0 -2.8957802106282999 
 -0.055009126687763699 4 0 4
7 0 0  3 4 2  -0.40883305865414199 4 -2.50002703653518  -0.47333823186715601 4 -2.6058273371613998  -0.58769585365197297 4 -2.7482656295382699  -0.78679852050844101 4 -2.8957802106282999 
 -0.055009126687752201 4 0 4
1 -0.40883305865414199 0 -2.50002703653518 0 1 0 
7 0 0  3 4 2  -0.33438687427364699 0 -2.3331864423141999  -0.33883786006809402 0 -2.3528126641579301  -0.35521388734842002 0 -2.4106851319025502  -0.40883305865414199 0 -2.50002703653518 
 0 4 1 4
7 0 0  3 4 2  -0.33438687427364699 4 -2.3331864423141999  -0.33883786006809402 4 -2.3528126641579301  -0.35521388734842002 4 -2.4106851319025502  -0.40883305865414199 4 -2.50002703653518 
 0 4 1 4
1 -0.33438687427364699 0 -2.3331864423141999 0 1 0 
1 -0.29300572576019301 0 -2.0444492277070001 -0.14186810596773902 0 -0.98988556940139627 
1 -0.29300572576019301 4 -2.0444492277070001 -0.14186810596773902 0 -0.98988556940139627 
1 -0.29300572576019301 0 -2.0444492277070001 0 1 0 
1 -0.085869227602329706 0 -1.8730326947896501 0 1 0 
2 -0.095028611879914002 4 -2.0728228489005498 0 -1 0 -0.98988556940139505 0 0.14186810596774799 -0.14186810596774799 -0 -0.98988556940139505 0.20000000000000001
2 -0.095028611879914002 0 -2.0728228489005498 0 1 0 -0.98988556940139505 0 0.14186810596774799 0.14186810596774799 -0 0.98988556940139505 0.20000000000000001
2 -2.0000000000000002e-15 0 -8.0000000000000006e-15 0 1 0 0.045796921387910708 0 -0.99895077055448012 -0.99895077055448012 0 -0.045796921387910708 1.875
2 -2.0000000000000002e-15 4 -8.0000000000000006e-15 0 1 0 0.045796921387910708 0 -0.99895077055448012 -0.99895077055448012 0 -0.045796921387910708 1.875
1 0.085869227602330206 0 -1.8730326947896501 0 1 0 
1 0.29300572576019301 0 -2.0444492277070001 0 1 0 
2 0.095028611879914002 4 -2.0728228489005498 0 -1 0 -0.045796921387917792 0 0.99895077055447978 -0.99895077055447978 -0 -0.045796921387917792 0.20000000000000001
2 0.095028611879914002 0 -2.0728228489005498 0 1 0 -0.045796921387917792 0 0.99895077055447978 0.99895077055447978 -0 0.045796921387917792 0.20000000000000001
1 0.33438687427364699 0 -2.3331864423141999 -0.14186810596773902 0 0.98988556940139627 
1 0.33438687427364699 4 -2.3331864423141999 -0.14186810596773902 0 0.98988556940139627 
1 0.33438687427364699 0 -2.3331864423141999 0 1 0 
7 0 0  3 4 2  0.40925758646805599 0 -2.5003125323892501  0.35521388734842002 0 -2.4106851319025502  0.33883786006809402 0 -2.3528126641579301  0.33438687427364699 0 -2.3331864423141999 
 0 4 1 4
7 0 0  3 4 2  0.40925758646805599 4 -2.5003125323892501  0.35521388734842002 4 -2.4106851319025502  0.33883786006809402 4 -2.3528126641579301  0.33438687427364699 4 -2.3331864423141999 
 0 4 1 4
1 0.40925758646805599 0 -2.5003125323892501 0 1 0 
7 0 0  3 4 2  0.78679852050844201 0 -2.8957802106282999  0.58769585365197297 0 -2.7482656295382699  0.47333823186715501 0 -2.6058273371613998  0.40925758646805599 0 -2.5003125323892501 
 0 4 1 4
7 0 0  3 4 2  0.78679852050844201 4 -2.8957802106282999  0.58769585365197297 4 -2.7482656295382699  0.47333823186715501 4 -2.6058273371613998  0.40925758646805599 4 -2.5003125323892501 
 0 4 1 4
1 0.78679852050844201 0 -2.8957802106282999 0 1 0 
2 0 0 0 0 1 0 0.35509720680448092 0 -0.93482938214395883 -0.93482938214395883 0 -0.35509720680448092 3.0007657256341602
2 0 4 0 0 1 0 0.35509720680448092 0 -0.93482938214395883 -0.93482938214395883 0 -0.35509720680448092 3.0007657256341602
1 1.0655635274473101 0 -2.8052039692533599 0 1 0 
7 0 0  3 4 2  1.1387261300943401 0 -2.2628704014803298  1.1487282051361201 0 -2.3863798322081  1.13993407329675 0 -2.5688325549630902  1.0655635274473101 0 -2.8052039692533599 
 -0.0550091266877571 4 0 4
7 0 0  3 4 2  1.1387261300943401 4 -2.2628704014803298  1.1487282051361201 4 -2.3863798322081  1.13993407329675 4 -2.5688325549630902  1.0655635274473101 4 -2.8052039692533599 
 -0.0550091266877527 4 0 4
1 1.1387261300943401 0 -2.2628704014803298 0 1 0 
7 0 0  3 4 2  1.10088791765773 0 -2.0841351561356398  1.1088229982662701 0 -2.1026293269507299  1.1295910969501901 0 -2.15907472418905  1.1387261300943401 0 -2.2628704014803298 
 0 4 1 4
7 0 0  3 4 2  1.10088791765773 4 -2.0841351561356398  1.1088229982662701 4 -2.1026293269507299  1.1295910969501901 4 -2.15907472418905  1.1387261300943401 4 -2.2628704014803298 
 0 4 1 4
1 1.10088791765773 0 -2.0841351561356398 0 1 0 
1 0.96465049351774801 0 -1.8262186137907901 0.46706643046358504 0 -0.88422222859075716 
1 0.96465049351774801 4 -1.8262186137907901 0.46706643046358504 0 -0.88422222859075716 
1 0.96465049351775001 0 -1.8262186137907901 0 1 0 
1 1.03147133063485 0 -1.5657879467151199 0 1 0 
2 1.1414949392359 4 -1.7328053276980699 0 -1 0 -0.88422222859075195 -0 -0.46706643046359497 0.46706643046359497 0 -0.88422222859075195 0.20000000000000001
2 1.1414949392359 0 -1.7328053276980699 0 1 0 -0.88422222859075195 0 -0.46706643046359497 -0.46706643046359497 0 0.88422222859075195 0.20000000000000001
2 8.0000000000000006e-15 0 -7.0000000000000001e-15 0 1 0 0.62421901839099603 0 -0.78124939493031387 -0.78124939493031387 0 -0.62421901839099603 1.875
2 8.0000000000000006e-15 4 -7.0000000000000001e-15 0 1 0 0.62421901839099603 0 -0.78124939493031387 -0.78124939493031387 0 -0.62421901839099603 1.875
1 1.1704106594831201 0 -1.4648426154943399 0 1 0 
1 1.4387437166960699 0 -1.4817697249126101 0 1 0 
2 1.2952544631613201 4 -1.6210924944803999 0 -1 0 -0.62421901839100602 0 0.78124939493030587 -0.78124939493030587 -0 -0.62421901839100602 0.20000000000000001
2 1.2952544631613201 0 -1.6210924944803999 0 1 0 -0.62421901839100602 0 0.78124939493030587 0.78124939493030587 -0 0.62421901839100602 0.20000000000000001
1 1.64193724562433 0 -1.6910398096191801 -0.69661384783897928 0 0.71744626767373432 
1 1.64193724562433 4 -1.6910398096191801 -0.69661384783897928 0 0.71744626767373432 
1 1.64193724562433 0 -1.6910398096191801 0 1 0 
7 0 0  3 4 2  1.8007431751899801 0 -1.78223975623683  1.7043392399559101 0 -1.7414957554032899  1.6570741725317299 0 -1.704301532818  1.64193724562433 0 -1.6910398096191801 
 0 4 1 4
7 0 0  3 4 2  1.8007431751899801 4 -1.78223975623683  1.7043392399559101 4 -1.7414957554032899  1.6570741725317299 4 -1.704301532818  1.64193724562433 4 -1.6910398096191801 
 0 4 1 4
1 1.8007431751899801 0 -1.78223975623683 0 1 0 
7 0 0  3 4 2  2.3386302759281001 0 -1.88026683549256  2.0908459395530201 0 -1.87795464374296  1.9146055524719501 0 -1.82993736813268  1.8007431751899801 0 -1.78223975623683 
 0 4 1 4
7 0 0  3 4 2  2.3386302759281001 4 -1.88026683549256  2.0908459395530201 4 -1.87795464374296  1.9146055524719501 4 -1.82993736813268  1.8007431751899801 4 -1.78223975623683 
 0 4 1 4
1 2.3386302759280899 0 -1.88026683549256 0 1 0 
2 1.0000000000000001e-15 0 2.0000000000000002e-15 0 1 0 0.83675859919380213 0 -0.54757195570557315 -0.54757195570557315 0 -0.83675859919380213 3.0007657256341602
2 1.0000000000000001e-15 4 2.0000000000000002e-15 0 1 0 0.83675859919380213 0 -0.54757195570557315 -0.54757195570557315 0 -0.83675859919380213 3.0007657256341602
1 2.51091652509042 0 -1.6431351569997501 0 1 0 
7 0 0  3 4 2  2.2513306410244298 0 -1.1613741851961099  2.3320195116130602 0 -1.2554163414185699  2.4321479291802302 0 -1.40819275579924  2.51091652509042 0 -1.6431351569997501 
 -0.055009126687749599 4 0 4
7 0 0  3 4 2  2.2513306410244298 4 -1.1613741851961099  2.3320195116130602 4 -1.2554163414185699  2.4321479291802302 4 -1.40819275579924  2.51091652509042 4 -1.6431351569997501 
 -0.055009126687749599 4 0 4
1 2.2513306410244298 0 -1.1613741851961099 0 1 0 
7 0 0  3 4 2  2.11566094284795 0 -1.0390150774618301  2.1329511587704801 0 -1.04931305259066  2.1829306756031102 0 -1.0827711560861499  2.2513306410244298 0 -1.1613741851961099 
 0 4 1 4
7 0 0  3 4 2  2.11566094284795 4 -1.0390150774618301  2.1329511587704801 4 -1.04931305259066  2.1829306756031102 4 -1.0827711560861499  2.2513306410244298 4 -1.1613741851961099 
 0 4 1 4
1 2.11566094284795 0 -1.0390150774618301 0 1 0 
1 1.8538430115362601 0 -0.91043456029422198 0.8975974654619242 0 -0.44081605006661212 
1 1.8538430115362601 4 -0.91043456029422198 0.8975974654619242 0 -0.44081605006661212 
1 1.8538430115362601 0 -0.91043456029422198 0 1 0 
1 1.7548248989905999 0 -0.66046542217033299 0 1 0 
2 1.9420062215495899 4 -0.73091506720183796 0 -1 0 -0.44081605006662816 -0 -0.89759746546191632 0.89759746546191632 0 -0.44081605006662816 0.20000000000000001
2 1.9420062215495899 0 -0.73091506720183796 0 1 0 -0.44081605006662816 0 -0.89759746546191632 -0.89759746546191632 0 0.44081605006662816 0.20000000000000001
2 5.9999999999999997e-15 0 -2.9999999999999998e-15 0 1 0 0.9642106667928213 0 -0.26513730413305309 -0.26513730413305309 0 -0.9642106667928213 1.875
2 5.9999999999999997e-15 4 -2.9999999999999998e-15 0 1 0 0.9642106667928213 0 -0.26513730413305309 -0.26513730413305309 0 -0.9642106667928213 1.875
1 1.8078950002365399 0 -0.49713244524947497 0 1 0 
1 2.0349305089544001 0 -0.353104550702177 0 1 0 
2 2.0007371335950999 4 -0.550159906076087 0 -1 0 -0.96421066679281908 0 0.26513730413306108 -0.26513730413306108 -0 -0.96421066679281908 0.20000000000000001
2 2.0007371335950999 0 -0.550159906076087 0 1 0 -0.96421066679281908 0 0.26513730413306108 0.26513730413306108 -0 0.96421066679281908 0.20000000000000001
1 2.3223233965409 0 -0.40297344597878998 -0.98527677686955384 0 0.17096687679648198 
1 2.3223233965409 4 -0.40297344597878998 -0.98527677686955384 0 0.17096687679648198 
1 2.3223233965409 0 -0.40297344597878998 0 1 0 
7 0 0  3 4 2  2.5044060759987401 0 -0.38341196930326799  2.4024649312604098 0 -0.40711419160365198  2.3423644729678399 0 -0.40480514302013099  2.3223233965409 0 -0.40297344597878998 
 0 4 1 4
7 0 0  3 4 2  2.5044060759987401 4 -0.38341196930326799  2.4024649312604098 4 -0.40711419160365198  2.3423644729678399 4 -0.40480514302013099  2.3223233965409 4 -0.40297344597878998 
 0 4 1 4
1 2.5044060759987401 0 -0.38341196930326799 0 1 0 
7 0 0  3 4 2  2.9971847530627702 0 -0.146555437117869  2.79536394178453 0 -0.290328813368538  2.6245586270817398 0 -0.35507352176080398  2.5044060759987401 0 -0.38341196930326799 
 0 4 1 4
7 0 0  3 4 2  2.9971847530627702 4 -0.146555437117869  2.79536394178453 4 -0.290328813368538  2.6245586270817398 4 -0.35507352176080398  2.5044060759987401 4 -0.38341196930326799 
 0 4 1 4
1 2.9971847530627702 0 -0.146555437117869 0 1 0 
2 0 0 0 0 1 0 0.99880664706984434 -0 0.048839346526090011 0.048839346526090011 0 -0.99880664706984434 3.0007657256341602
2 0 4 0 0 1 0 0.99880664706984434 -0 0.048839346526090011 0.048839346526090011 0 -0.99880664706984434 3.0007657256341602
1 2.9971847530627702 0 0.146555437117869 0 1 0 
7 0 0  3 4 2  2.5040033669972601 0 0.38372749617630703  2.6245586270817398 0 0.35507352176080398  2.79536394178453 0 0.290328813368538  2.9971847530627702 0 0.146555437117869 
 -0.055009126687758897 4 0 4
7 0 0  3 4 2  2.5040033669972601 4 0.38372749617630703  2.6245586270817398 4 0.35507352176080398  2.79536394178453 4 0.290328813368538  2.9971847530627702 4 0.146555437117869 
 -0.055009126687759403 4 0 4
1 2.5040033669972601 0 0.38372749617630703 0 1 0 
7 0 0  3 4 2  2.3223233965409 0 0.40297344597878998  2.3423644729678399 0 0.40480514302013099  2.4024649312604098 0 0.40711419160365198  2.5040033669972601 0 0.38372749617630703 
 0 4 1 4
7 0 0  3 4 2  2.3223233965409 4 0.40297344597878998  2.3423644729678399 4 0.40480514302013099  2.4024649312604098 4 0.40711419160365198  2.5040033669972601 4 0.38372749617630703 
 0 4 1 4
1 2.3223233965409 0 0.40297344597878998 0 1 0 
1 2.0349305089544001 0 0.353104550702177 0.98527677686955384 0 0.17096687679648198 
1 2.0349305089544001 4 0.353104550702177 0.98527677686955384 0 0.17096687679648198 
1 2.0349305089544001 0 0.353104550702177 0 1 0 
1 1.8078950002365399 0 0.49713244524946598 0 1 0 
2 2.0007371335950999 4 0.550159906076087 0 -1 0 0.17096687679649802 0 -0.98527677686955106 0.98527677686955106 0 0.17096687679649802 0.20000000000000001
2 2.0007371335950999 0 0.550159906076087 0 1 0 0.17096687679649802 0 -0.98527677686955106 -0.98527677686955106 0 -0.17096687679649802 0.20000000000000001
2 2.0000000000000002e-15 0 4.0000000000000003e-15 0 1 0 0.93590661279498277 -0 0.35224822515751897 0.35224822515751897 0 -0.93590661279498277 1.875
2 2.0000000000000002e-15 4 4.0000000000000003e-15 0 1 0 0.93590661279498277 -0 0.35224822515751897 0.35224822515751897 0 -0.93590661279498277 1.875
1 1.7548248989905899 0 0.66046542217034998 0 1 0 
1 1.8538430115362701 0 0.91043456029422498 0 1 0 
2 1.9420062215495899 4 0.73091506720183896 0 -1 0 -0.93590661279501031 -0 -0.35224822515744614 0.35224822515744614 0 -0.93590661279501031 0.20000000000000001
2 1.9420062215495899 0 0.73091506720183896 0 1 0 -0.93590661279501031 0 -0.35224822515744614 -0.35224822515744614 0 0.93590661279501031 0.20000000000000001
1 2.11566094284795 0 1.0390150774618301 -0.89759746546192132 0 -0.44081605006661817 
1 2.11566094284795 4 1.0390150774618301 -0.89759746546192132 0 -0.44081605006661817 
1 2.11566094284795 0 1.0390150774618301 0 1 0 
7 0 0  3 4 2  2.2514709774077302 0 1.16186615821061  2.1829306756031102 0 1.0827711560861499  2.1329511587704801 0 1.04931305259066  2.11566094284795 0 1.0390150774618301 
 0 4 1 4
7 0 0  3 4 2  2.2514709774077302 4 1.16186615821061  2.1829306756031102 4 1.0827711560861499  2.1329511587704801 4 1.04931305259066  2.11566094284795 4 1.0390150774618301 
 0 4 1 4
1 2.2514709774077302 0 1.16186615821061 0 1 0 
7 0 0  3 4 2  2.51091652509042 0 1.6431351569997501  2.4321479291802302 0 1.40819275579924  2.3320195116130602 0 1.2554163414185699  2.2514709774077302 0 1.16186615821061 
 0 4 1 4
7 0 0  3 4 2  2.51091652509042 4 1.6431351569997501  2.4321479291802302 4 1.40819275579924  2.3320195116130602 4 1.2554163414185699  2.2514709774077302 4 1.16186615821061 
 0 4 1 4
1 2.51091652509042 0 1.6431351569997501 0 1 0 
2 1.0000000000000001e-15 0 -1.0000000000000001e-15 0 1 0 0.77934450395452504 -0 0.62659567837312402 0.62659567837312402 0 -0.77934450395452504 3.0007657256341602
2 1.0000000000000001e-15 4 -1.0000000000000001e-15 0 1 0 0.77934450395452504 -0 0.62659567837312402 0.62659567837312402 0 -0.77934450395452504 3.0007657256341602
1 2.3386302759281001 0 1.88026683549256 0 1 0 
7 0 0  3 4 2  1.8002319147213299 0 1.7822583164272701  1.9146055524719501 0 1.82993736813268  2.0908459395530201 0 1.87795464374296  2.3386302759281001 0 1.88026683549256 
 -0.055009126687753401 4 0 4
7 0 0  3 4 2  1.8002319147213299 4 1.7822583164272701  1.9146055524719501 4 1.82993736813268  2.0908459395530201 4 1.87795464374296  2.3386302759281001 4 1.88026683549256 
 -0.055009126687754303 4 0 4
1 1.8002319147213299 0 1.7822583164272701 0 1 0 
7 0 0  3 4 2  1.64193724562433 0 1.6910398096191801  1.65707417253172 0 1.704301532818  1.7043392399559101 0 1.7414957554032899  1.8002319147213299 0 1.7822583164272701 
 0 4 1 4
7 0 0  3 4 2  1.64193724562433 4 1.6910398096191801  1.65707417253172 4 1.704301532818  1.7043392399559101 4 1.7414957554032899  1.8002319147213299 4 1.7822583164272701 
 0 4 1 4
1 1.64193724562433 0 1.6910398096191801 0 1 0 
1 1.4387437166960699 0 1.4817697249126001 0.69661384783896807 0 0.7174462676737452 
1 1.4387437166960699 4 1.4817697249126001 0.69661384783896807 0 0.7174462676737452 
1 1.4387437166960699 0 1.4817697249126001 0 1 0 
1 1.1704106594831201 0 1.4648426154943399 0 1 0 
2 1.2952544631613201 4 1.6210924944803999 0 -1 0 0.71744626767373287 0 -0.69661384783898084 0.69661384783898084 0 0.71744626767373287 0.20000000000000001
2 1.2952544631613201 0 1.6210924944803999 0 1 0 0.71744626767373287 0 -0.69661384783898084 -0.69661384783898084 0 -0.71744626767373287 0.20000000000000001
2 2.0000000000000002e-15 0 2.0000000000000002e-15 0 1 0 0.55011804300525391 -0 0.83508690491473381 0.83508690491473381 0 -0.55011804300525391 1.875
2 2.0000000000000002e-15 4 2.0000000000000002e-15 0 1 0 0.55011804300525391 -0 0.83508690491473381 0.83508690491473381 0 -0.55011804300525391 1.875
1 1.03147133063485 0 1.5657879467151301 0 1 0 
1 0.96465049351774901 0 1.8262186137907901 0 1 0 
2 1.1414949392359 4 1.7328053276980699 0 -1 0 -0.55011804300524603 -0 -0.83508690491473903 0.83508690491473903 0 -0.55011804300524603 0.20000000000000001
2 1.1414949392359 0 1.7328053276980699 0 1 0 -0.55011804300524603 0 -0.83508690491473903 -0.83508690491473903 0 0.55011804300524603 0.20000000000000001
1 1.10088791765773 0 2.0841351561356398 -0.46706643046357987 0 -0.88422222859075983 
1 1.10088791765773 4 2.0841351561356398 -0.46706643046357987 0 -0.88422222859075983 
1 1.10088791765773 0 2.0841351561356398 0 1 0 
7 0 0  3 4 2  1.13855049013092 0 2.2633509036663  1.1295910969501901 0 2.1590747241890602  1.1088229982662701 0 2.1026293269507299  1.10088791765773 0 2.0841351561356398 
 0 4 1 4
7 0 0  3 4 2  1.13855049013092 4 2.2633509036663  1.1295910969501901 4 2.1590747241890602  1.1088229982662701 4 2.1026293269507299  1.10088791765773 4 2.0841351561356398 
 0 4 1 4
1 1.13855049013092 0 2.2633509036663 0 1 0 
7 0 0  3 4 2  1.0655635274473101 0 2.8052039692533599  1.13993407329675 0 2.5688325549630902  1.1487282051361201 0 2.3863798322081  1.13855049013092 0 2.2633509036663 
 0 4 1 4
7 0 0  3 4 2  1.0655635274473101 4 2.8052039692533501  1.13993407329675 4 2.5688325549630902  1.1487282051361201 4 2.3863798322081  1.13855049013092 4 2.2633509036663 
 0 4 1 4
1 1.0655635274473101 0 2.8052039692533501 0 1 0 
2 0 0 0 0 1 0 0.26219924927400701 -0 0.96501375828541802 0.96501375828541802 0 -0.26219924927400701 3.0007657256341602
2 0 4 0 0 1 0 0.26219924927400701 -0 0.96501375828541802 0.96501375828541802 0 -0.26219924927400701 3.0007657256341602
1 0.78679852050844101 0 2.8957802106282999 0 1 0 
7 0 0  3 4 2  0.40883305865414199 0 2.50002703653518  0.47333823186715401 0 2.6058273371613998  0.58769585365197297 0 2.7482656295382699  0.78679852050844101 0 2.8957802106282999 
 -0.055009126687756302 4 0 4
7 0 0  3 4 2  0.40883305865414199 4 2.50002703653518  0.47333823186715401 4 2.6058273371613998  0.58769585365197297 4 2.7482656295382699  0.78679852050844101 4 2.8957802106282999 
 -0.0550091266877656 4 0 4
1 0.40883305865414199 0 2.50002703653518 0 1 0 
