<?xml version='1.0' encoding='utf-8'?>
<!-- FreeCAD DocumentObject -->
<Document SchemaVersion="4" FileVersion="2">
<Object name="Extrusion002">
  <Properties Count="43" TransientCount="2">
    <_Property name="_Body" type="App::PropertyLinkHidden" status="251658240"/>
    <_Property name="_ElementMapVersion" type="App::PropertyString" status="234881024"/>
    <Property name="AddSubShape" type="Part::PropertyPartShape">
      <Part HasherIndex="0" ElementMap="1.15.70200.4" brep="1">
<![CDATA[

CASCADE Topology V1, (c) Matra-Datavision
Locations 5
1
              1               0               0               0 
              0               1               0               0 
              0               0               1               0 
1
              1               0 5.95297751330272e-33 -1.61325690610504e-32 
6.60913270034449e-49               1 -1.11022302462516e-16 3.00870439673418e-16 
-5.95297751330272e-33 1.11022302462516e-16               1 -2.71000000000001 
2  1 1 2 1 0
1
              1               0               0 -2.14307190478898e-31 
              0               1               0 3.99680288865056e-15 
              0               0               1             -36 
2  1 1 2 1 4 1 0
Curve2ds 0
Curves 5
1 -84.499999999999858 96 -2.7099999999999964 -5.9529775133027185e-33 1.1102230246251563e-16 -1 
1 -44.980812849365194 3.7123357828677821 -2.7100000000000066 -5.9529775133027185e-33 1.1102230246251563e-16 -1 
1 -84.499999999999858 96 0 0.39364436547703113 -0.91926280982545217 0 
1 -84.499999999999858 -94.999999999999943 -2.7100000000000177 -5.9529775133027185e-33 1.1102230246251563e-16 -1 
1 -44.980812849365194 3.7123357828677803 0 -0.37166836631549272 -0.92836556672486115 0 
Polygon3D 0
PolygonOnTriangulations 0
Surfaces 2
1 -84.499999999999858 96 -2.7099999999999964 -0.91926280982545228 -0.39364436547703119 -4.3703303806655993e-17 0.39364436547703119 -0.91926280982545228 -1.0205867371498333e-16 6.1629758220391534e-33 -1.110223024625156e-16 1 
1 -44.980812849365194 3.7123357828677808 -2.7100000000000066 -0.92836556672486126 0.37166836631549277 4.1263477780827703e-17 -0.37166836631549277 -0.92836556672486126 -1.0306928274471228e-16 6.1629758220391534e-33 -1.1102230246251563e-16 1 
Triangulations 0

TShapes 13
Ve
1e-07
-84.4999999999999 96 0
0 0

0101101
*
Ed
 1e-07 1 1 0
1  1 0 0 36
0

0101000
+13 3 -13 5 *
Ve
1.00000001110223e-07
-44.9808128493652 3.71233578286778 0
0 0

0101101
*
Ed
 1.00000001110223e-07 1 1 0
1  2 0 0 36
0

0101000
+11 3 -11 5 *
Ed
 1e-07 1 1 0
1  3 0 0 100.393122870548
0

0101000
+13 0 -11 0 *
Wi

0101100
+12 0 -10 0 -9 3 +9 5 *
Fa
0  1e-07 1 0

0111000
+8 0 *
Ve
1e-07
-84.4999999999999 -94.9999999999999 0
0 0

0101101
*
Ed
 1e-07 1 1 0
1  4 0 0 36
0

0101000
+6 3 -6 5 *
Ed
 1e-07 1 1 0
1  5 0 0 106.329165278189
0

0101000
+11 0 -6 0 *
Wi

0101100
+10 0 -5 0 -4 3 +4 5 *
Fa
0  1e-07 2 0

0111000
+3 0 *
Sh

0101000
+7 0 +2 0 *

+1 0 ]]>
      </Part>
      <ElementMap new="1" count="1"><Element key="Dummy" value="Dummy"/></ElementMap>
      <ElementMap2 count="16">
<![CDATA[
47 PostfixCount 9
Edge
Face
Vertex
;:G;XTR;:Hf30:7,E
;:G;XTR;:Hf30:7,F
;:U;XTR;:Hf30:7,E
;:U;XTR;:Hf30:7,V
;SKT;WIR;:Hf30:4,E
;SKT;WIR;:Hf30:4,V

MapCount 1

ElementMap 1 47 3

Edge

ChildCount 0

NameCount 8
0
$#7069.4 0
$#706a.4 0
;g5.8 0
$#7070.6 0
$#706b.4 0
;g6.8 0
$#7071.6 0

Face

ChildCount 0

NameCount 3
0
$#706d.5 0
$#706e.5 0

Vertex

ChildCount 0

NameCount 7
0
;g5v1.9 0
$#7073.7 0
;g5v2.9 ;g6v1.9 0
$#7074.7 0
;g6v2.9 0
$#7075.7 0

EndMap
]]>
      </ElementMap2>
    </Property>
    <Property name="AddSubType" type="App::PropertyEnumeration">
      <Integer value="0"/>
    </Property>
    <Property name="AllowMultiFace" type="App::PropertyBool">
      <Bool value="true"/>
    </Property>
    <Property name="AlongSketchNormal" type="App::PropertyBool" status="4">
      <Bool value="false"/>
    </Property>
    <Property name="AutoTaperInnerAngle" type="App::PropertyBool">
      <Bool value="true"/>
    </Property>
    <Property name="BaseFeature" type="App::PropertyLink" status="8">
      <Link value=""/>
    </Property>
    <Property name="CheckUpToFaceLimits" type="App::PropertyBool">
      <Bool value="true"/>
    </Property>
    <Property name="ClaimChildren" type="App::PropertyBool" status="134217728">
      <Bool value="false"/>
    </Property>
    <Property name="ColoredElements" type="App::PropertyLinkSubHidden" status="218103808">
      <LinkSub value="" count="0">
      </LinkSub>
    </Property>
    <Property name="Direction" type="App::PropertyVector" status="4">
      <PropertyVector valueX="5.952977513302719e-33" valueY="-1.110223024625156e-16" valueZ="1"/>
    </Property>
    <Property name="ExpressionEngine" type="App::PropertyExpressionEngine" status="67108864">
      <ExpressionEngine count="0"></ExpressionEngine>
    </Property>
    <Property name="Fit" type="App::PropertyDistance">
      <Float value="0"/>
    </Property>
    <Property name="FitJoin" type="App::PropertyEnumeration">
      <Integer value="0"/>
    </Property>
    <Property name="InnerFit" type="App::PropertyDistance">
      <Float value="0"/>
    </Property>
    <Property name="InnerFitJoin" type="App::PropertyEnumeration">
      <Integer value="0"/>
    </Property>
    <Property name="Label" type="App::PropertyString" status="134217728">
      <String value="Extrusion002"/>
    </Property>
    <Property name="Label2" type="App::PropertyString" status="128">
      <String value=""/>
    </Property>
    <Property name="Length" type="App::PropertyLength">
      <Float value="36"/>
    </Property>
    <Property name="Length2" type="App::PropertyLength">
      <Float value="100"/>
    </Property>
    <Property name="Linearize" type="App::PropertyBool">
      <Bool value="true"/>
    </Property>
    <Property name="Midplane" type="App::PropertyBool" status="4">
      <Bool value="false"/>
    </Property>
    <Property name="NewSolid" type="App::PropertyBool">
      <Bool value="false"/>
    </Property>
    <Property name="Offset" type="App::PropertyLength">
      <Float value="0"/>
    </Property>
    <Property name="Placement" type="App::PropertyPlacement" status="8388620">
      <PropertyPlacement Px="0" Py="0" Pz="0" Q0="0" Q1="0" Q2="0" Q3="1" A="0" Ox="0" Oy="0" Oz="1"/>
    </Property>
    <Property name="Profile" type="App::PropertyLinkSub">
      <LinkSub value="Sketch007" count="1">
        <Sub value=""/>
      </LinkSub>
    </Property>
    <Property name="ReferenceAxis" type="App::PropertyLinkSub">
      <LinkSub value="" count="0">
      </LinkSub>
    </Property>
    <Property name="Refine" type="App::PropertyBool">
      <Bool value="false"/>
    </Property>
    <Property name="Reversed" type="App::PropertyBool">
      <Bool value="true"/>
    </Property>
    <Property name="Shape" type="Part::PropertyPartShape">
      <Part HasherIndex="0" ElementMap="1.15.70200.4" brep="1">
<![CDATA[

CASCADE Topology V1, (c) Matra-Datavision
Locations 5
1
              1               0               0               0 
              0               1               0               0 
              0               0               1               0 
1
              1               0 5.95297751330272e-33 -1.61325690610504e-32 
6.60913270034449e-49               1 -1.11022302462516e-16 3.00870439673418e-16 
-5.95297751330272e-33 1.11022302462516e-16               1 -2.71000000000001 
2  1 1 2 1 0
1
              1               0               0 -2.14307190478898e-31 
              0               1               0 3.99680288865056e-15 
              0               0               1             -36 
2  1 1 2 1 4 1 0
Curve2ds 0
Curves 5
1 -84.499999999999858 96 -2.7099999999999964 -5.9529775133027185e-33 1.1102230246251563e-16 -1 
1 -44.980812849365194 3.7123357828677821 -2.7100000000000066 -5.9529775133027185e-33 1.1102230246251563e-16 -1 
1 -84.499999999999858 96 0 0.39364436547703113 -0.91926280982545217 0 
1 -84.499999999999858 -94.999999999999943 -2.7100000000000177 -5.9529775133027185e-33 1.1102230246251563e-16 -1 
1 -44.980812849365194 3.7123357828677803 0 -0.37166836631549272 -0.92836556672486115 0 
Polygon3D 0
PolygonOnTriangulations 0
Surfaces 2
1 -84.499999999999858 96 -2.7099999999999964 -0.91926280982545228 -0.39364436547703119 -4.3703303806655993e-17 0.39364436547703119 -0.91926280982545228 -1.0205867371498333e-16 6.1629758220391534e-33 -1.110223024625156e-16 1 
1 -44.980812849365194 3.7123357828677808 -2.7100000000000066 -0.92836556672486126 0.37166836631549277 4.1263477780827703e-17 -0.37166836631549277 -0.92836556672486126 -1.0306928274471228e-16 6.1629758220391534e-33 -1.1102230246251563e-16 1 
Triangulations 0

TShapes 13
Ve
1e-07
-84.4999999999999 96 0
0 0

0101101
*
Ed
 1e-07 1 1 0
1  1 0 0 36
0

0101000
+13 3 -13 5 *
Ve
1.00000001110223e-07
-44.9808128493652 3.71233578286778 0
0 0

0101101
*
Ed
 1.00000001110223e-07 1 1 0
1  2 0 0 36
0

0101000
+11 3 -11 5 *
Ed
 1e-07 1 1 0
1  3 0 0 100.393122870548
0

0101000
+13 0 -11 0 *
Wi

0101100
+12 0 -10 0 -9 3 +9 5 *
Fa
0  1e-07 1 0

0111000
+8 0 *
Ve
1e-07
-84.4999999999999 -94.9999999999999 0
0 0

0101101
*
Ed
 1e-07 1 1 0
1  4 0 0 36
0

0101000
+6 3 -6 5 *
Ed
 1e-07 1 1 0
1  5 0 0 106.329165278189
0

0101000
+11 0 -6 0 *
Wi

0101100
+10 0 -5 0 -4 3 +4 5 *
Fa
0  1e-07 2 0

0111000
+3 0 *
Sh

0101000
+7 0 +2 0 *

+1 0 ]]>
      </Part>
      <ElementMap new="1" count="1"><Element key="Dummy" value="Dummy"/></ElementMap>
      <ElementMap2 count="16">
<![CDATA[
47 PostfixCount 9
Edge
Face
Vertex
;:G;XTR;:Hf30:7,E
;:G;XTR;:Hf30:7,F
;:U;XTR;:Hf30:7,E
;:U;XTR;:Hf30:7,V
;SKT;WIR;:Hf30:4,E
;SKT;WIR;:Hf30:4,V

MapCount 1

ElementMap 1 47 3

Edge

ChildCount 0

NameCount 8
0
$#7069.4 0
$#706a.4 0
;g5.8 0
$#7070.6 0
$#706b.4 0
;g6.8 0
$#7071.6 0

Face

ChildCount 0

NameCount 3
0
$#706d.5 0
$#706e.5 0

Vertex

ChildCount 0

NameCount 7
0
;g5v1.9 0
$#7073.7 0
;g5v2.9 ;g6v1.9 0
$#7074.7 0
;g6v2.9 0
$#7075.7 0

EndMap
]]>
      </ElementMap2>
    </Property>
    <Property name="Suppress" type="App::PropertyBool">
      <Bool value="false"/>
    </Property>
    <Property name="SuppressedShape" type="Part::PropertyPartShape">
      <Part ElementMap="0.15.70200.4" brep="1">
<![CDATA[

CASCADE Topology V1, (c) Matra-Datavision
Locations 0
Curve2ds 0
Curves 0
Polygon3D 0
PolygonOnTriangulations 0
Surfaces 0
Triangulations 0

TShapes 0

*]]>
      </Part>
      <ElementMap/>
    </Property>
    <Property name="TaperAngle" type="App::PropertyAngle">
      <Float value="0"/>
    </Property>
    <Property name="TaperAngleRev" type="App::PropertyAngle">
      <Float value="0"/>
    </Property>
    <Property name="TaperInnerAngle" type="App::PropertyAngle">
      <Float value="0"/>
    </Property>
    <Property name="TaperInnerAngleRev" type="App::PropertyAngle">
      <Float value="0"/>
    </Property>
    <Property name="TreeRank" type="App::PropertyInteger" status="2184">
      <Integer value="282"/>
    </Property>
    <Property name="Type" type="App::PropertyEnumeration">
      <Integer value="0"/>
    </Property>
    <Property name="UpToFace" type="App::PropertyLinkSub">
      <LinkSub value="" count="0">
      </LinkSub>
    </Property>
    <Property name="UseCustomVector" type="App::PropertyBool">
      <Bool value="false"/>
    </Property>
    <Property name="UsePipeForDraft" type="App::PropertyBool">
      <Bool value="false"/>
    </Property>
    <Property name="Visibility" type="App::PropertyBool" status="648">
      <Bool value="false"/>
    </Property>
    <Property name="_ProfileBasedVersion" type="App::PropertyInteger" status="67108864">
      <Integer value="1"/>
    </Property>
    <Property name="_Siblings" type="App::PropertyLinkList" status="218103808">
      <LinkList count="0">
      </LinkList>
    </Property>
  </Properties>
</Object>
</Document>
