<?xml version='1.0' encoding='utf-8'?>
<!-- FreeCAD DocumentObject -->
<Document SchemaVersion="4" FileVersion="2">
<Object name="Pad001">
  <Properties Count="43" TransientCount="2">
    <_Property name="_Body" type="App::PropertyLinkHidden" status="251658240"/>
    <_Property name="_ElementMapVersion" type="App::PropertyString" status="234881024"/>
    <Property name="AddSubShape" type="Part::PropertyPartShape">
      <Part HasherIndex="0" ElementMap="1.15.70200.4" brep="1">
<![CDATA[

CASCADE Topology V1, (c) Matra-Datavision
Locations 6
1
              1               0               0               0 
              0               1               0               0 
              0               0               1               0 
1
              1 -3.08148791101958e-33 1.0013857720027e-16 -6.26339939042195e-15 
-5.00692886001349e-17 0.866025403784439             0.5 -31.2736587913348 
-8.67225517542629e-17            -0.5 0.866025403784439 -54.1675659651649 
2  1 1 2 1 0
2  2 -1 1 -1 0
1
              1               0               0 2.39069389328884e-12 
              0               1               0 11936.9276063691 
              0               0               1 20675.3651005028 
2  5 -1 2 -1 1 -1 0
Curve2ds 218
1 0 -0 1 0 
1 0 -23873.855212738119 1 0 
1 -61.574347535692247 98.616581172638305 -1 0 
1 15.00000000000022 7.9936057773011271e-15 0 -1 
1 0 -0 1.2325951644078307e-32 -1 
8 37.759352096083454 52.759352096083674
1 -37.759352096083454 -32.289999999999957 1 -1.6653345369377348e-16 
8 37.759352096083454 52.759352096083674
1 -60.287950952701408 -37.759352096083447 1.9229626863835641e-16 -1 
1 0 -0 0 -1 
1 0 -0 -1.2325951644078307e-32 -1 
1 0 -0 1 -1.2325951644078309e-32 
1 3.2703011349043381e-15 -23873.855212738119 1 -1.2325951644078309e-32 
1 -61.574347535692247 98.616581172638305 1.2325951644078309e-32 1 
1 0 -0 1 0 
1 0 -23873.855212738119 1 0 
1 -61.574347535692247 113.61658117263828 1 0 
1 0 -0 1 -1.2325951644078309e-32 
1 -3.8351262226970677e-15 -23873.855212738119 1 -1.2325951644078309e-32 
1 92.185869492524333 43.616581172638313 1.2325951644078309e-32 1 
1 0 -0 1 0 
1 1.8189894035458565e-12 -23873.855212738119 1 0 
1 77.185869492524361 43.616581172638313 1 0 
1 0 -0 1 1.2325951644078309e-32 
1 -3.2703011349039342e-15 -23873.855212738119 1 1.2325951644078309e-32 
1 77.185869492524361 95.78815404789222 -1.2325951644078309e-32 -1 
1 68.959716710962283 90.237425145926792 0 -1 
1 0 -0 1 0 
1 -2.7284841053187847e-12 -23873.855212738119 1 0 
1 77.185869492524361 95.78815404789222 -0.70710678118654757 0.70710678118654757 
1 68.959716710962283 90.237425145926792 -0.70710678118654757 0.70710678118654746 
1 0 -0 1 0 
1 -1.8189894035458565e-12 -23873.855212738119 1 0 
1 74.357442367778305 98.616581172638277 -1 0 
1 66.131289586216226 93.065852270672849 -1 -6.1629758220391547e-33 
1 0 0 1 0 
1 -1.8189894035458565e-12 -23873.855212738119 1 0 
1 -61.574347535692482 95.78815404789222 0.70710678118654746 0.70710678118654757 
1 -69.800500317254574 90.237425145926792 0.70710678118654757 0.70710678118654757 
1 0 -0 1 -1.2325951644078309e-32 
1 3.2703011349043381e-15 -23873.855212738119 1 -1.2325951644078309e-32 
1 -61.574347535692475 -95.554991702653339 1.2325951644078309e-32 1 
1 -69.80050031725456 -101.10572060461877 0 1 
1 0 -0 1 5.5511151231257827e-17 
1 9.0949470177292824e-13 -23873.855212738119 1 5.5511151231257827e-17 
1 -61.574347535692475 -95.554991702653339 0.70710678119596049 -0.70710678117713466 
1 -69.80050031725456 -101.10572060461877 0.70710678119596049 -0.70710678117713455 
1 0 -0 1 0 
1 -1.8189894035458565e-12 -23873.855212738119 1 0 
1 77.185869492524347 -98.383418827361751 -1 0 
1 68.959716710962269 -103.93414772932718 -1 -6.1629758220391547e-33 
1 0 -0 1 -1.2325951644078309e-32 
1 3.2703011349039342e-15 -23873.855212738119 1 -1.2325951644078309e-32 
1 77.185869492524347 -98.383418827361751 1.2325951644078309e-32 1 
1 68.959716710962269 -103.93414772932718 0 1 
1 0 -0 1 0 
1 1.8189894035458565e-12 -23873.855212738119 1 0 
1 77.185869492524361 -43.383418827361716 1 0 
1 0 -0 1 1.2325951644078309e-32 
1 3.8351262226970677e-15 -23873.855212738119 1 1.2325951644078309e-32 
1 92.185869492524333 -43.383418827361716 -1.2325951644078309e-32 -1 
1 0 -0 1 0 
1 0 -23873.855212738119 1 0 
1 -61.574347535692525 -113.38341882736172 1 0 
1 0 -0 1 1.2325951644078309e-32 
1 -3.2703011349043381e-15 -23873.855212738119 1 1.2325951644078309e-32 
1 -61.574347535692525 -98.383418827361865 -1.2325951644078309e-32 -1 
1 0 -0 1 0 
1 0 -23873.855212738119 1 0 
1 -76.574347535692482 -98.383418827361865 1 0 
1 0 -0 1 1.2325951644078309e-32 
1 -3.2703011349043381e-15 -23873.855212738119 1 1.2325951644078309e-32 
1 -76.574347535692482 98.616581172638305 -1.2325951644078309e-32 -1 
1 0 0 1 0 
1 0 -23873.855212738119 1 0 
2 84.685869492524333 51.116581172638298 -1.2325951644078309e-32 -1 1 -1.2325951644078309e-32 1.75
1 0 0 1 0 
1 0 -23873.855212738119 1 0 
2 84.685869492524361 -50.883418827361702 -1.2325951644078309e-32 -1 1 -1.2325951644078309e-32 1.75
1 0 0 1 0 
1 0 -23873.855212738119 1 0 
2 68.23870457585727 106.11658117263829 -1.2325951644078309e-32 -1 1 -1.2325951644078309e-32 1.75
1 0 0 1 0 
1 0 -23873.855212738119 1 0 
2 10.832178520102937 106.11658117263829 -1.2325951644078309e-32 -1 1 -1.2325951644078309e-32 1.75
1 0 0 1 0 
1 0 -23873.855212738119 1 0 
2 10.832178520102786 -105.88341882736171 -1.2325951644078309e-32 -1 1 -1.2325951644078309e-32 1.75
1 0 0 1 0 
1 0 -23873.855212738119 1 0 
2 68.238704575857156 -105.88341882736171 -1.2325951644078309e-32 -1 1 -1.2325951644078309e-32 1.75
1 0 0 1 0 
1 0 -23873.855212738119 1 0 
2 -46.574347535692304 106.11658117263829 -1.2325951644078309e-32 -1 1 -1.2325951644078309e-32 1.75
1 0 0 1 0 
1 0 -23873.855212738119 1 0 
2 -69.074347535692482 49.366581172638298 -1.2325951644078309e-32 -1 1 -1.2325951644078309e-32 1.75
1 0 0 1 0 
1 0 -23873.855212738119 1 0 
2 -69.074347535692482 0.11658117263829935 -1.2325951644078309e-32 -1 1 -1.2325951644078309e-32 1.75
1 0 0 1 0 
1 0 -23873.855212738119 1 0 
2 -69.074347535692468 -49.133418827361702 -1.2325951644078309e-32 -1 1 -1.2325951644078309e-32 1.75
1 0 0 1 0 
1 0 -23873.855212738119 1 0 
2 -46.57434753569251 -105.88341882736171 -1.2325951644078309e-32 -1 1 -1.2325951644078309e-32 1.75
1 0 -0 0 -1 
1 197.00000000000017 -1.0497078813812069e-14 1.2325951644078307e-32 -1 
8 -30.143975476350704 166.85602452364947
1 30.1439754763507 -32.289999999999978 1 1.0883725262245824e-17 
8 -30.143975476350704 166.85602452364947
1 -30.143975476350679 -90.518704192167135 1 1.9229626863835643e-16 
8 30.1439754763507 45.143975476350676
1 -30.1439754763507 -32.289999999999964 1 -1.0883725262245824e-17 
8 30.1439754763507 45.143975476350676
1 -30.143975476350683 -75.518704192166908 -1 -1.9229626863835643e-16 
8 -37.759352096083454 116.00086493213314
1 37.759352096083454 -32.289999999999957 1 1.6653345369377348e-16 
8 -37.759352096083454 116.00086493213314
1 -75.287950952701365 -37.759352096083447 -1.9229626863835641e-16 1 
8 2.643975476350704 72.643975476350676
1 -2.643975476350708 -32.289999999999942 1 -1.0883725262245824e-17 
8 2.643975476350704 72.643975476350676
1 -2.643975476350712 78.241512836049722 -1 -1.9229626863835643e-16 
8 31.620756418024861 46.620756418026652
1 -31.620756418024861 -32.289999999999949 1 1.6653345369377348e-16 
8 31.620756418024861 46.620756418026652
1 -5.287950952701407 31.620756418024875 -1.9229626863835641e-16 1 
8 -28.729761913977654 23.441810961276264
1 28.729761913977651 -32.289999999999949 1 1.0883725262245824e-17 
8 -28.729761913977654 23.441810961276264
1 -28.729761913977672 63.24151283604975 1 1.9229626863835643e-16 
8 -2.0442418181875581 1.9557581818149816
1 2.0442418181848296 -32.289999999999949 1 -1.6653345369377348e-16 
8 -2.0442418181875581 1.9557581818149816
1 -58.905021079978958 61.796015584026136 -0.70710678118654746 -0.70710678118654779 
8 -30.206542855653655 102.89681992307291
1 30.206542855651836 -32.289999999999942 1 -1.6653345369377348e-16 
8 -30.206542855653655 102.89681992307291
1 -60.287950952701379 30.20654285565184 1.9229626863835641e-16 -1 
8 -6.3848844491051953 -2.3848844491027292
1 6.3848844491025449 -32.289999999999964 1 1.1102230246251565e-16 
8 -6.3848844491051953 -2.3848844491027292
1 -61.974318919008248 -71.003909101114189 -0.70710678118654779 0.70710678118654746 
8 -66.941810961295118 124.40133478925043
1 66.941810961295118 -32.289999999999964 1 -1.0883725262245824e-17 
8 -66.941810961295118 124.40133478925043
1 66.941810961295133 -75.518704192167121 -1 -1.9229626863835643e-16 
8 20.635114554303023 24.635114554304167
1 -20.635114554303023 -32.289999999999978 1 2.2204460492503131e-16 
8 20.635114554303023 24.635114554304167
1 119.29239249087563 -90.109933624270212 0.70710678117713455 0.70710678119596071 
8 -31.62075641802668 104.31103348540827
1 31.620756418024861 -32.289999999999935 1 -1.6653345369377348e-16 
8 -31.62075641802668 104.31103348540827
1 136.71204904729868 31.620756418024897 1.9229626863835641e-16 -1 
8 -68.356024523649324 -13.356024523649289
1 68.356024523649324 -32.289999999999935 1 -1.0883725262245824e-17 
8 -68.356024523649324 -13.356024523649289
1 68.35602452364931 63.241512836049758 -1 -1.9229626863835643e-16 
8 31.620756418024865 46.620756418026659
1 -31.620756418024865 -32.289999999999942 1 1.6653345369377348e-16 
8 31.620756418024865 46.620756418026659
1 81.712049047298621 31.620756418024882 -1.9229626863835641e-16 1 
8 40.85602452364931 110.85602452364931
1 -40.85602452364931 -32.289999999999928 1 1.0883725262245824e-17 
8 40.85602452364931 110.85602452364931
1 40.856024523649296 78.241512836049765 1 1.9229626863835643e-16 
8 -37.759352096083575 116.00086493213328
1 37.759352096083575 -32.289999999999949 1 1.6653345369377348e-16 
8 -37.759352096083575 116.00086493213328
1 151.71204904729865 -37.759352096083553 -1.9229626863835641e-16 1 
8 68.356024523649381 83.356024523649239
1 -68.356024523649381 -32.289999999999964 1 1.0883725262245824e-17 
8 68.356024523649381 83.356024523649239
1 68.356024523649396 -75.518704192167164 1 1.9229626863835643e-16 
8 -45.259352096083553 -30.259352096083596
1 45.259352096083553 -32.289999999999942 1 1.6653345369377348e-16 
8 -45.259352096083553 -30.259352096083596
1 136.71204904729879 -45.259352096083518 -1.9229626863835641e-16 1 
1 6.2831853071795862 -32.289999999999964 -1 0 
2 -67.787950952701365 -60.51870419216695 1 1.9229626863835641e-16 1.9229626863835641e-16 -1 1.75
1 6.2831853071795862 -32.289999999999957 -1 0 
2 -11.037950952701378 -83.018704192167121 1 1.9229626863835641e-16 1.9229626863835641e-16 -1 1.75
1 6.2831853071795862 -32.289999999999964 -1 0 
2 38.212049047298628 -83.018704192167107 1 1.9229626863835641e-16 1.9229626863835641e-16 -1 1.75
1 6.2831853071795862 -32.289999999999964 -1 0 
2 87.462049047298621 -83.018704192167093 1 1.9229626863835641e-16 1.9229626863835641e-16 -1 1.75
1 6.2831853071795862 -32.289999999999964 -1 0 
2 144.21204904729862 -60.518704192167114 1 1.9229626863835641e-16 1.9229626863835641e-16 -1 1.75
1 6.2831853071795862 -32.289999999999949 -1 0 
2 -67.787950952701379 -3.1121781363716998 1 1.9229626863835641e-16 1.9229626863835641e-16 -1 1.75
1 6.2831853071795862 -32.289999999999935 -1 0 
2 -67.787950952701394 54.294347919382631 1 1.9229626863835641e-16 1.9229626863835641e-16 -1 1.75
1 6.2831853071795862 -32.289999999999935 -1 0 
2 -12.787950952701408 70.741512836049722 1 1.9229626863835641e-16 1.9229626863835641e-16 -1 1.75
1 6.2831853071795862 -32.289999999999942 -1 0 
2 144.21204904729862 -3.1121781363718153 1 1.9229626863835641e-16 1.9229626863835641e-16 -1 1.75
1 6.2831853071795862 -32.289999999999935 -1 0 
2 89.212049047298592 70.74151283604975 1 1.9229626863835641e-16 1.9229626863835641e-16 -1 1.75
1 6.2831853071795862 -32.289999999999928 -1 0 
2 144.21204904729862 54.29434791938256 1 1.9229626863835641e-16 1.9229626863835641e-16 -1 1.75
1 14.999999999999972 1.502078658004045e-15 -1.2325951644078307e-32 -1 
1 0 -0 0 -1 
1 153.7602170282166 0 0 -1 
1 69.999999999999972 7.0097004040188868e-15 -1.2325951644078307e-32 -1 
1 0 -0 -1.2325951644078307e-32 -1 
1 14.999999999999975 -1.1546319456101628e-14 0 -1 
1 0 -0 0 -1 
1 52.171572875253908 -5.2243870780281185e-15 1.2325951644078307e-32 -1 
1 0 -0 1.2325951644078307e-32 -1 
1 0 -0 -5.5511151231257827e-17 -1 
1 3.9999999999998108 -9.3258734068513149e-15 -5.5511151231257827e-17 -1 
1 0 -0 0 -1 
1 133.10336277872474 -7.1054273576010019e-15 0 -1 
1 3.9999999999998157 -6.8833827526759706e-15 -1.1102230246251565e-16 -1 
1 0 0 -1.1102230246251565e-16 -1 
1 191.34314575054555 9.9306094778423825e-15 -1.2325951644078307e-32 -1 
1 0 -0 -1.2325951644078307e-32 -1 
1 0 -0 5.5511151231257827e-17 -1 
1 3.9999999999998193 3.1086244689504383e-15 5.5511151231257827e-17 -1 
1 135.93178990343313 7.1054273576010019e-15 0 -1 
1 0 -0 0 -1 
1 0 -0 -1.2325951644078307e-32 -1 
1 55.000000000000036 5.5076217460148457e-15 -1.2325951644078307e-32 -1 
1 0 -0 0 -1 
1 14.999999999999982 0 0 -1 
1 0 -0 1.2325951644078307e-32 -1 
1 70 -7.00970040401889e-15 1.2325951644078307e-32 -1 
1 153.76021702821686 -1.4210854715202004e-14 0 -1 
1 0 -0 0 -1 
1 14.999999999999858 -1.5020786580040336e-15 1.2325951644078307e-32 -1 
1 0 -0 1.2325951644078307e-32 -1 
1 14.99999999999995 2.6645352591003757e-15 0 -1 
1 0 0 0 -1 
1 6.2831853071795862 0 0 -1 
1 0 0 0 -1 
1 6.2831853071795862 0 0 -1 
1 0 0 0 -1 
1 6.2831853071795862 0 0 -1 
1 0 0 0 -1 
1 6.2831853071795862 0 0 -1 
1 0 0 0 -1 
1 6.2831853071795862 0 0 -1 
1 0 0 0 -1 
1 6.2831853071795862 0 0 -1 
1 0 0 0 -1 
1 6.2831853071795862 0 0 -1 
1 0 0 0 -1 
1 6.2831853071795862 0 0 -1 
1 0 0 0 -1 
1 6.2831853071795862 0 0 -1 
1 0 0 0 -1 
1 6.2831853071795862 0 0 -1 
1 0 0 0 -1 
1 6.2831853071795862 0 0 -1 
Curves 90
1 -98.500000000000014 -69.282032302754857 0 0 -1 0 
1 -98.500000000000014 -104.26403984810133 -12.026549813787419 1.0013857720026987e-16 0.49999999999999972 0.86602540378443893 
1 -98.500000000000028 -42.42810064568512 -10.442265573629738 1.2325951644078309e-32 -0.86602540378443882 0.49999999999999989 
1 -98.500000000000014 -91.273658791334555 -19.526549813787518 1.0013857720026987e-16 0.49999999999999972 0.86602540378443893 
1 -98.500000000000014 -69.282032302754857 0 -1 0 0 
1 -113.49999999999999 -69.282032302754857 0 0 1 0 
1 -43.500000000000014 84.478184725461745 0 -1 0 0 
1 -43.500000000000014 69.478184725461773 0 0 1 0 
1 -95.671572875253929 69.478184725461773 0 1 0 0 
1 -95.671572875253929 69.478184725461773 0 -0.70710678118654757 -0.70710678118654757 0 
1 -98.499999999999986 66.649757600715716 0 0 -1 0 
1 -95.671572875253929 -69.28203230275507 0 -0.70710678118654757 0.70710678118654757 0 
1 95.671572875291631 -69.28203230275507 0 -1 0 0 
1 95.671572875291631 -69.28203230275507 0 0.70710678117713466 0.70710678119596049 0 
1 98.500000000000043 69.478184725461773 0 0 -1 0 
1 98.500000000000043 69.478184725461773 0 -1 0 0 
1 43.500000000000014 69.478184725461773 0 0 1 0 
1 43.500000000000014 84.478184725461745 0 1 0 0 
1 113.50000000000001 -69.282032302755113 0 0 1 0 
1 98.500000000000156 -69.282032302755113 0 1 0 0 
1 98.500000000000156 -84.28203230275507 0 0 1 0 
1 -98.500000000000014 -84.28203230275507 0 1 0 0 
2 -51 76.978184725461759 0 0 0 1 1 0 -0 -0 1 0 1.75
2 51 76.978184725461773 0 0 0 1 1 0 -0 -0 1 0 1.75
2 -106 60.531019808794674 0 0 0 1 1 0 -0 -0 1 0 1.75
2 -106 3.1244937530403503 0 0 0 1 1 0 -0 -0 1 0 1.75
2 106 3.1244937530401939 0 0 0 1 1 0 -0 -0 1 0 1.75
2 106 60.531019808794575 0 0 0 1 1 0 -0 -0 1 0 1.75
2 -106 -54.282032302754899 0 0 0 1 1 0 -0 -0 1 0 1.75
2 -49.25 -76.782032302755084 0 0 0 1 1 0 -0 -0 1 0 1.75
2 -0 -76.78203230275507 0 0 0 1 1 0 -0 -0 1 0 1.75
2 49.25 -76.78203230275507 0 0 0 1 1 0 -0 -0 1 0 1.75
2 106 -54.282032302755098 0 0 0 1 1 0 -0 -0 1 0 1.75
1 98.500000000000156 -104.26403984810133 -12.026549813787433 1.0013857720026987e-16 0.49999999999999972 0.86602540378443893 
1 -68.35602452364931 -88.11903984810138 15.937410474412097 1 -5.5511151231257802e-17 -9.6148134319178228e-17 
1 -68.35602452364931 -75.128658791334601 8.4374104744119869 -1 5.5511151231257802e-17 9.6148134319178228e-17 
1 -113.5 -42.42810064568512 -10.442265573629738 -1.2325951644078309e-32 0.86602540378443882 -0.49999999999999989 
1 -40.85602452364931 58.031595246509632 -68.442698039696296 -1 5.5511151231257802e-17 9.6148134319178228e-17 
1 -43.500000000000014 17.656835844853696 -45.13231983068389 -1.2325951644078309e-32 0.86602540378443882 -0.49999999999999989 
1 -66.941810961276275 45.04121418974308 -60.942698039696324 1 -5.5511151231257802e-17 -9.6148134319178228e-17 
1 -97.117070127277557 43.789376848390042 -60.219949413684517 -0.70710678118654757 -0.61237243569579458 0.35355339059327373 
1 -98.499999999999986 16.43209097346217 -44.425213049497373 1.2325951644078309e-32 -0.86602540378443882 0.49999999999999989 
1 -100.18636796630688 -71.218731549601657 6.1800129288856152 -0.70710678118654768 0.61237243569579458 -0.35355339059327362 
1 28.729761913996509 -75.1286587913348 8.4374104744120864 -1 5.5511151231257802e-17 9.6148134319178228e-17 
1 81.080343443576993 -87.765034151983286 15.733025190463648 0.70710678117713466 0.61237243570394639 -0.35355339059798019 
1 98.500000000000057 17.656835844853681 -45.132319830683905 1.2325951644078309e-32 -0.86602540378443882 0.49999999999999989 
1 30.143975476350715 45.041214189743059 -60.942698039696324 -1 5.5511151231257802e-17 9.6148134319178228e-17 
1 43.500000000000014 17.656835844853688 -45.132319830683898 -1.2325951644078309e-32 0.86602540378443882 -0.49999999999999989 
1 2.6439754763507004 58.031595246509639 -68.442698039696324 1 -5.5511151231257802e-17 -9.6148134319178228e-17 
1 113.50000000000003 -42.428100645685255 -10.442265573629696 -1.2325951644078309e-32 0.86602540378443882 -0.49999999999999989 
1 30.143975476350771 -75.128658791334843 8.4374104744121077 1 -5.5511151231257802e-17 -9.6148134319178228e-17 
1 98.500000000000171 -48.923291174068524 -6.6922655736297134 -1.2325951644078309e-32 0.86602540378443882 -0.49999999999999989 
2 -106 -62.138277734568049 0.9374104744120082 -1.0013857720026985e-16 -0.49999999999999967 -0.86602540378443882 1 -5.0069288600134903e-17 -8.6722551754262895e-17 -1.2325951644078309e-32 -0.86602540378443882 0.49999999999999967 1.75
2 -49.250000000000007 -81.623849319718076 12.187410474412079 -1.0013857720026985e-16 -0.49999999999999967 -0.86602540378443882 1 -5.0069288600134903e-17 -8.6722551754262895e-17 -1.2325951644078309e-32 -0.86602540378443882 0.49999999999999967 1.75
2 -3.0299247326252424e-15 -81.623849319718076 12.187410474412072 -1.0013857720026985e-16 -0.49999999999999967 -0.86602540378443882 1 -5.0069288600134903e-17 -8.6722551754262895e-17 -1.2325951644078309e-32 -0.86602540378443882 0.49999999999999967 1.75
2 49.249999999999993 -81.623849319718076 12.187410474412065 -1.0013857720026985e-16 -0.49999999999999967 -0.86602540378443882 1 -5.0069288600134903e-17 -8.6722551754262895e-17 -1.2325951644078309e-32 -0.86602540378443882 0.49999999999999967 1.75
2 106 -62.138277734568234 0.93741047441208636 -1.0013857720026985e-16 -0.49999999999999967 -0.86602540378443882 1 -5.0069288600134903e-17 -8.6722551754262895e-17 -1.2325951644078309e-32 -0.86602540378443882 0.49999999999999967 1.75
2 -106 -12.422767827236065 -27.765852553485612 -1.0013857720026985e-16 -0.49999999999999967 -0.86602540378443882 1 -5.0069288600134903e-17 -8.6722551754262895e-17 -1.2325951644078309e-32 -0.86602540378443882 0.49999999999999967 1.75
2 -106 37.292742080060478 -56.469115581362757 -1.0013857720026985e-16 -0.49999999999999967 -0.86602540378443882 1 -5.0069288600134903e-17 -8.6722551754262895e-17 -1.2325951644078309e-32 -0.86602540378443882 0.49999999999999967 1.75
2 -51.000000000000007 51.536404718126335 -64.692698039696296 -1.0013857720026985e-16 -0.49999999999999967 -0.86602540378443882 1 -5.0069288600134903e-17 -8.6722551754262895e-17 -1.2325951644078309e-32 -0.86602540378443882 0.49999999999999967 1.75
2 106 -12.422767827236214 -27.765852553485558 -1.0013857720026985e-16 -0.49999999999999967 -0.86602540378443882 1 -5.0069288600134903e-17 -8.6722551754262895e-17 -1.2325951644078309e-32 -0.86602540378443882 0.49999999999999967 1.75
2 50.999999999999993 51.536404718126342 -64.692698039696324 -1.0013857720026985e-16 -0.49999999999999967 -0.86602540378443882 1 -5.0069288600134903e-17 -8.6722551754262895e-17 -1.2325951644078309e-32 -0.86602540378443882 0.49999999999999967 1.75
2 106 37.292742080060371 -56.469115581362736 -1.0013857720026985e-16 -0.49999999999999967 -0.86602540378443882 1 -5.0069288600134903e-17 -8.6722551754262895e-17 -1.2325951644078309e-32 -0.86602540378443882 0.49999999999999967 1.75
1 -113.49999999999999 -91.273658791334555 -19.526549813787518 1.0013857720026987e-16 0.49999999999999972 0.86602540378443893 
1 -113.49999999999999 41.886595246509664 -96.406658327895769 1.0013857720026987e-16 0.49999999999999972 0.86602540378443893 
1 -43.500000000000021 41.886595246509664 -96.406658327895769 1.0013857720026987e-16 0.49999999999999972 0.86602540378443893 
1 -43.500000000000021 28.896214189743098 -88.906658327895798 1.0013857720026987e-16 0.49999999999999972 0.86602540378443893 
1 -95.671572875253929 28.896214189743105 -88.906658327895798 1.0013857720026987e-16 0.49999999999999972 0.86602540378443893 
1 -98.499999999999986 26.446724446960047 -87.492444765522762 1.0013857720026987e-16 0.49999999999999972 0.86602540378443893 
1 -98.499999999999986 -88.824169048551681 -20.94076337616044 1.0013857720026987e-16 0.49999999999999972 0.86602540378443893 
1 -95.671572875253929 -91.273658791334753 -19.526549813787412 1.0013857720026987e-16 0.49999999999999972 0.86602540378443893 
1 95.671572875291631 -91.273658791334753 -19.526549813787426 1.0013857720026987e-16 0.49999999999999972 0.86602540378443893 
1 98.500000000000043 -88.824169048519082 -20.940763376179284 1.0013857720026987e-16 0.49999999999999972 0.86602540378443893 
1 98.500000000000043 28.896214189743091 -88.906658327895798 1.0013857720026987e-16 0.49999999999999972 0.86602540378443893 
1 43.500000000000007 28.896214189743098 -88.906658327895798 1.0013857720026987e-16 0.49999999999999972 0.86602540378443893 
1 43.500000000000007 41.886595246509664 -96.406658327895784 1.0013857720026987e-16 0.49999999999999972 0.86602540378443893 
1 113.50000000000001 41.886595246509664 -96.406658327895784 1.0013857720026987e-16 0.49999999999999972 0.86602540378443893 
1 113.50000000000001 -91.273658791334796 -19.526549813787405 1.0013857720026987e-16 0.49999999999999972 0.86602540378443893 
1 98.500000000000156 -91.273658791334796 -19.526549813787405 1.0013857720026987e-16 0.49999999999999972 0.86602540378443893 
1 -49.250000000000007 35.391404718126374 -92.656658327895769 1.0013857720026987e-16 0.49999999999999972 0.86602540378443893 
1 52.749999999999993 35.391404718126388 -92.656658327895798 1.0013857720026987e-16 0.49999999999999972 0.86602540378443893 
1 -104.25 21.147742080060517 -84.433075869562231 1.0013857720026987e-16 0.49999999999999972 0.86602540378443893 
1 -104.25 -28.567767827236029 -55.729812841685096 1.0013857720026987e-16 0.49999999999999972 0.86602540378443893 
1 107.75 -28.567767827236175 -55.729812841685039 1.0013857720026987e-16 0.49999999999999972 0.86602540378443893 
1 107.75 21.147742080060418 -84.433075869562202 1.0013857720026987e-16 0.49999999999999972 0.86602540378443893 
1 -104.25 -78.283277734568017 -27.02654981378749 1.0013857720026987e-16 0.49999999999999972 0.86602540378443893 
1 -47.500000000000007 -97.768849319718043 -15.776549813787412 1.0013857720026987e-16 0.49999999999999972 0.86602540378443893 
1 1.7499999999999938 -97.768849319718043 -15.776549813787426 1.0013857720026987e-16 0.49999999999999972 0.86602540378443893 
1 50.999999999999993 -97.768849319718043 -15.776549813787433 1.0013857720026987e-16 0.49999999999999972 0.86602540378443893 
1 107.75 -78.283277734568202 -27.026549813787412 1.0013857720026987e-16 0.49999999999999972 0.86602540378443893 
Polygon3D 0
PolygonOnTriangulations 0
Surfaces 33
1 -98.500000000000014 -91.273658791334555 -19.526549813787518 1 -5.006928860013489e-17 -8.6722551754262882e-17 -6.1629758220391547e-33 -0.86602540378443882 0.49999999999999967 -1.0013857720026984e-16 -0.49999999999999967 -0.86602540378443882 
1 0.1165811726382931 -37.948709603973235 -50.313723581633511 6.8733054222025057e-17 0.49999999999999961 0.86602540378443882 0 0.86602540378443882 -0.49999999999999961 -1 3.4366527111012504e-17 5.9524571035966981e-17 
1 -98.500000000000014 -104.26403984810133 -12.026549813787419 6.1629758220391547e-33 0.86602540378443893 -0.49999999999999972 1 -5.0069288600134896e-17 -8.6722551754262895e-17 -1.0013857720026985e-16 -0.49999999999999972 -0.86602540378443893 
10 -2945.2504710785988 3021.6745691731962 -2962.0618755856322 2949.7846842295148
1 -38.212049047298613 -9.7275425000356783 -29.321941621671463 1.1102230246251568e-16 0.49999999999999989 0.86602540378443882 1 -2.2204460492503136e-16 -6.1629758220391547e-32 1.9229626863835641e-16 0.86602540378443882 -0.49999999999999989 
1 -98.500000000000014 -91.273658791334555 -19.526549813787518 -6.1629758220391547e-33 -0.86602540378443893 0.49999999999999972 -1 5.0069288600134896e-17 8.6722551754262895e-17 -1.0013857720026985e-16 -0.49999999999999972 -0.86602540378443893 
1 -113.49999999999999 -91.273658791334555 -19.526549813787518 -1 5.006928860013489e-17 8.6722551754262882e-17 6.1629758220391547e-33 0.86602540378443882 -0.49999999999999967 -1.0013857720026984e-16 -0.49999999999999967 -0.86602540378443882 
1 -43.500000000000021 41.886595246509664 -96.406658327895769 -6.1629758220391547e-33 -0.86602540378443893 0.49999999999999972 -1 5.0069288600134896e-17 8.6722551754262895e-17 -1.0013857720026985e-16 -0.49999999999999972 -0.86602540378443893 
1 -43.500000000000021 28.896214189743098 -88.906658327895798 -1 5.006928860013489e-17 8.6722551754262882e-17 6.1629758220391547e-33 0.86602540378443882 -0.49999999999999967 -1.0013857720026984e-16 -0.49999999999999967 -0.86602540378443882 
1 -95.671572875253929 28.896214189743105 -88.906658327895798 6.1629758220391547e-33 0.86602540378443893 -0.49999999999999972 1 -5.0069288600134896e-17 -8.6722551754262895e-17 -1.0013857720026985e-16 -0.49999999999999972 -0.86602540378443893 
1 -5.4341477293271341 -30.824652319728521 -54.426799972414678 1.0013857720026987e-16 0.49999999999999972 0.86602540378443882 0 0.86602540378443882 -0.49999999999999972 -1 5.0069288600134903e-17 8.6722551754262907e-17 
1 -95.671572875253929 28.896214189743105 -88.906658327895798 0.70710678118654757 -0.61237243569579469 0.35355339059327345 -0.70710678118654746 -0.61237243569579469 0.35355339059327356 -5.5511151231257827e-17 -0.49999999999999967 -0.86602540378443882 
1 -98.499999999999986 26.446724446960047 -87.492444765522762 1 -5.006928860013489e-17 -8.6722551754262882e-17 -6.1629758220391547e-33 -0.86602540378443882 0.49999999999999967 -1.0013857720026984e-16 -0.49999999999999967 -0.86602540378443882 
1 -95.671572875253929 -91.273658791334753 -19.526549813787412 -0.70710678118654746 -0.61237243569579469 0.35355339059327356 -0.70710678118654757 0.61237243569579458 -0.35355339059327351 0 -0.49999999999999967 -0.86602540378443882 
1 95.671572875291631 -91.273658791334753 -19.526549813787426 -6.1629758220391547e-33 -0.86602540378443893 0.49999999999999972 -1 5.0069288600134896e-17 8.6722551754262895e-17 -1.0013857720026985e-16 -0.49999999999999972 -0.86602540378443893 
1 95.671572875291631 -91.273658791334753 -19.526549813787426 -0.70710678119596049 0.61237243568764288 -0.353553390588567 0.70710678117713466 0.6123724357039465 -0.35355339059798002 -5.5511151231257815e-17 -0.49999999999999956 -0.86602540378443882 
1 98.500000000000043 28.896214189743091 -88.906658327895798 1 -5.006928860013489e-17 -8.6722551754262882e-17 -6.1629758220391547e-33 -0.86602540378443882 0.49999999999999967 -1.0013857720026984e-16 -0.49999999999999967 -0.86602540378443882 
1 98.500000000000043 28.896214189743091 -88.906658327895798 -6.1629758220391547e-33 -0.86602540378443893 0.49999999999999972 -1 5.0069288600134896e-17 8.6722551754262895e-17 -1.0013857720026985e-16 -0.49999999999999972 -0.86602540378443893 
1 43.500000000000007 28.896214189743098 -88.906658327895798 -1 5.006928860013489e-17 8.6722551754262882e-17 6.1629758220391547e-33 0.86602540378443882 -0.49999999999999967 -1.0013857720026984e-16 -0.49999999999999967 -0.86602540378443882 
1 43.500000000000007 41.886595246509664 -96.406658327895784 6.1629758220391547e-33 0.86602540378443893 -0.49999999999999972 1 -5.0069288600134896e-17 -8.6722551754262895e-17 -1.0013857720026985e-16 -0.49999999999999972 -0.86602540378443893 
1 113.50000000000001 -91.273658791334796 -19.526549813787405 -1 5.006928860013489e-17 8.6722551754262882e-17 6.1629758220391547e-33 0.86602540378443882 -0.49999999999999967 -1.0013857720026984e-16 -0.49999999999999967 -0.86602540378443882 
1 98.500000000000156 -91.273658791334796 -19.526549813787405 6.1629758220391547e-33 0.86602540378443893 -0.49999999999999972 1 -5.0069288600134896e-17 -8.6722551754262895e-17 -1.0013857720026985e-16 -0.49999999999999972 -0.86602540378443893 
1 98.500000000000156 -104.26403984810133 -12.026549813787433 -1 5.006928860013489e-17 8.6722551754262882e-17 6.1629758220391547e-33 0.86602540378443882 -0.49999999999999967 -1.0013857720026984e-16 -0.49999999999999967 -0.86602540378443882 
2 -51.000000000000007 35.391404718126374 -92.656658327895769 -1.0013857720026985e-16 -0.49999999999999967 -0.86602540378443882 1 -5.0069288600134903e-17 -8.6722551754262907e-17 -3.0814879110195774e-33 0.86602540378443882 -0.49999999999999967 1.75
2 50.999999999999993 35.391404718126388 -92.656658327895798 -1.0013857720026985e-16 -0.49999999999999967 -0.86602540378443882 1 -5.0069288600134903e-17 -8.6722551754262907e-17 -3.0814879110195774e-33 0.86602540378443882 -0.49999999999999967 1.75
2 -106 21.147742080060517 -84.433075869562231 -1.0013857720026985e-16 -0.49999999999999967 -0.86602540378443882 1 -5.0069288600134903e-17 -8.6722551754262907e-17 -3.0814879110195774e-33 0.86602540378443882 -0.49999999999999967 1.75
2 -106 -28.567767827236029 -55.729812841685096 -1.0013857720026985e-16 -0.49999999999999967 -0.86602540378443882 1 -5.0069288600134903e-17 -8.6722551754262907e-17 -3.0814879110195774e-33 0.86602540378443882 -0.49999999999999967 1.75
2 106 -28.567767827236175 -55.729812841685039 -1.0013857720026985e-16 -0.49999999999999967 -0.86602540378443882 1 -5.0069288600134903e-17 -8.6722551754262907e-17 -3.0814879110195774e-33 0.86602540378443882 -0.49999999999999967 1.75
2 106 21.147742080060418 -84.433075869562202 -1.0013857720026985e-16 -0.49999999999999967 -0.86602540378443882 1 -5.0069288600134903e-17 -8.6722551754262907e-17 -3.0814879110195774e-33 0.86602540378443882 -0.49999999999999967 1.75
2 -106 -78.283277734568017 -27.02654981378749 -1.0013857720026985e-16 -0.49999999999999967 -0.86602540378443882 1 -5.0069288600134903e-17 -8.6722551754262907e-17 -3.0814879110195774e-33 0.86602540378443882 -0.49999999999999967 1.75
2 -49.250000000000007 -97.768849319718043 -15.776549813787412 -1.0013857720026985e-16 -0.49999999999999967 -0.86602540378443882 1 -5.0069288600134903e-17 -8.6722551754262907e-17 -3.0814879110195774e-33 0.86602540378443882 -0.49999999999999967 1.75
2 -6.2633993904219523e-15 -97.768849319718043 -15.776549813787426 -1.0013857720026985e-16 -0.49999999999999967 -0.86602540378443882 1 -5.0069288600134903e-17 -8.6722551754262907e-17 -3.0814879110195774e-33 0.86602540378443882 -0.49999999999999967 1.75
2 49.249999999999993 -97.768849319718043 -15.776549813787433 -1.0013857720026985e-16 -0.49999999999999967 -0.86602540378443882 1 -5.0069288600134903e-17 -8.6722551754262907e-17 -3.0814879110195774e-33 0.86602540378443882 -0.49999999999999967 1.75
2 106 -78.283277734568202 -27.026549813787412 -1.0013857720026985e-16 -0.49999999999999967 -0.86602540378443882 1 -5.0069288600134903e-17 -8.6722551754262907e-17 -3.0814879110195774e-33 0.86602540378443882 -0.49999999999999967 1.75
Triangulations 0

TShapes 238
Ve
1e-07
-98.5 -69.2820323027549 0
0 0

0101101
*
Ve
1e-07
-98.5 -84.2820323027551 0
0 0

0101101
*
Ed
 1e-07 1 1 0
1  1 0 0 15.0000000000002
2  1 1 4 0 15.0000000000002
2  2 1 6 0 15.0000000000002
2  3 2 4 0 15.0000000000002
0

0101000
+238 0 -237 0 *
Ve
1.50000022748467e-07
-98.5 -88.1190398481014 15.9374104744121
0 0

0101101
*
Ed
 1e-07 1 1 0
1  2 0 0 32.29
2  4 1 0 0 32.29
2  5 3 0 0 32.29
0

0101000
+237 3 -235 0 *
Ve
1.50000020097183e-07
-98.5 -75.1286587913346 8.43741047441198
0 0

0101101
*
Ed
 1.5e-07 1 1 0
1  3 0 37.7593520960835 52.7593520960837
2  6 1 0 37.7593520960835 52.7593520960837
2  7 4 0 37.7593520960835 52.7593520960837
0

0101000
+233 0 -235 0 *
Ed
 1e-07 1 1 0
1  4 0 0 32.29
2  8 1 0 0 32.29
2  9 5 0 0 32.29
0

0101000
+238 3 -233 0 *
Wi

0101100
-236 3 -234 0 +232 0 +231 0 *
Fa
0  1e-07 1 0

0101000
+230 0 *
Ve
1e-07
-113.5 -69.2820323027549 0
0 0

0101101
*
Ed
 1e-07 1 1 0
1  5 0 0 15
2  10 5 4 0 15
2  11 5 6 0 15
2  12 2 4 0 15
0

0101000
+238 0 -228 0 *
Ve
1e-07
-113.5 84.4781847254617 0
0 0

0101101
*
Ed
 1e-07 1 1 0
1  6 0 0 153.760217028217
2  13 6 4 0 153.760217028217
2  14 6 6 0 153.760217028217
2  15 2 4 0 153.760217028217
0

0101000
+228 0 -226 0 *
Ve
1e-07
-43.5 84.4781847254617 0
0 0

0101101
*
Ed
 1e-07 1 1 0
1  7 0 0 70
2  16 7 4 0 70
2  17 7 6 0 70
2  18 2 4 0 70
0

0101000
+224 0 -226 0 *
Ve
1.00000095329311e-07
-43.5 69.4781847254618 0
0 0

0101101
*
Ed
 1e-07 1 1 0
1  8 0 0 15
2  19 8 4 0 15
2  20 8 6 0 15
2  21 2 4 0 15
0

0101000
+222 0 -224 0 *
Ve
1.00000015888219e-07
-95.6715728752539 69.4781847254618 0
0 0

0101101
*
Ed
 1e-07 1 1 0
1  9 0 0 52.1715728752539
2  22 9 4 0 52.1715728752539
2  23 9 6 0 52.1715728752539
2  24 2 4 0 52.1715728752539
2  25 10 4 0 52.1715728752539
0

0101000
+220 0 -222 0 *
Ve
1.00000015888219e-07
-98.5 66.6497576007157 0
0 0

0101101
*
Ed
 1.00000015888219e-07 1 1 0
1  10 0 0 3.99999999999981
2  26 11 4 0 3.99999999999981
2  27 11 6 0 3.99999999999981
2  28 2 4 0 3.99999999999981
2  29 10 4 0 3.99999999999981
0

0101000
+220 0 -218 0 *
Ve
1.00000010658141e-07
-98.5 -66.453605178009 0
0 0

0101101
*
Ed
 1.00000007105427e-07 1 1 0
1  11 0 0 133.103362778725
2  30 12 4 0 133.103362778725
2  31 12 6 0 133.103362778725
2  32 2 4 0 133.103362778725
2  33 10 4 0 133.103362778725
0

0101000
+218 0 -216 0 *
Ve
1.00000010658141e-07
-95.6715728752539 -69.2820323027551 0
0 0

0101101
*
Ed
 1.00000010658141e-07 1 1 0
1  12 0 0 3.99999999999981
2  34 13 4 0 3.99999999999981
2  35 13 6 0 3.99999999999981
2  36 2 4 0 3.99999999999981
2  37 10 4 0 3.99999999999981
0

0101000
+214 0 -216 0 *
Ve
1.00000010658141e-07
95.6715728752916 -69.2820323027551 0
0 0

0101101
*
Ed
 1.00000007105427e-07 1 1 0
1  13 0 0 191.343145750546
2  38 14 4 0 191.343145750546
2  39 14 6 0 191.343145750546
2  40 2 4 0 191.343145750546
2  41 10 4 0 191.343145750546
0

0101000
+212 0 -214 0 *
Ve
1.00000014648214e-07
98.5 -66.4536051779714 0
0 0

0101101
*
Ed
 1.00000010658141e-07 1 1 0
1  14 0 0 3.99999999999982
2  42 15 4 0 3.99999999999982
2  43 15 6 0 3.99999999999982
2  44 2 4 0 3.99999999999982
2  45 10 4 0 3.99999999999982
0

0101000
+212 0 -210 0 *
Ve
1.00000014648214e-07
98.5 69.4781847254618 0
0 0

0101101
*
Ed
 1.00000014648214e-07 1 1 0
1  15 0 0 135.931789903433
2  46 16 4 0 135.931789903433
2  47 16 6 0 135.931789903433
2  48 2 4 0 135.931789903433
2  49 10 4 0 135.931789903433
0

0101000
+208 0 -210 0 *
Ve
1.00000114571574e-07
43.5 69.4781847254618 0
0 0

0101101
*
Ed
 1.00000003552714e-07 1 1 0
1  16 0 0 55
2  50 17 4 0 55
2  51 17 6 0 55
2  52 2 4 0 55
2  53 10 4 0 55
0

0101000
+208 0 -206 0 *
Ve
1e-07
43.5 84.4781847254617 0
0 0

0101101
*
Ed
 1e-07 1 1 0
1  17 0 0 15
2  54 18 4 0 15
2  55 18 6 0 15
2  56 2 4 0 15
0

0101000
+206 0 -204 0 *
Ve
1e-07
113.5 84.4781847254617 0
0 0

0101101
*
Ed
 1e-07 1 1 0
1  18 0 0 70
2  57 19 4 0 70
2  58 19 6 0 70
2  59 2 4 0 70
0

0101000
+204 0 -202 0 *
Ve
1e-07
113.5 -69.2820323027551 0
0 0

0101101
*
Ed
 1e-07 1 1 0
1  19 0 0 153.760217028217
2  60 20 4 0 153.760217028217
2  61 20 6 0 153.760217028217
2  62 2 4 0 153.760217028217
0

0101000
+200 0 -202 0 *
Ve
1e-07
98.5000000000002 -69.2820323027551 0
0 0

0101101
*
Ed
 1e-07 1 1 0
1  20 0 0 14.9999999999999
2  63 21 4 0 14.9999999999999
2  64 21 6 0 14.9999999999999
2  65 2 4 0 14.9999999999999
0

0101000
+198 0 -200 0 *
Ve
1e-07
98.5000000000002 -84.2820323027551 0
0 0

0101101
*
Ed
 1e-07 1 1 0
1  21 0 0 15
2  66 22 4 0 15
2  67 22 6 0 15
2  68 2 4 0 15
0

0101000
+196 0 -198 0 *
Ed
 1e-07 1 1 0
1  22 0 0 197
2  69 3 4 0 197
2  70 3 6 0 197
2  71 2 4 0 197
0

0101000
+237 0 -196 0 *
Wi

0101100
-236 0 +227 0 +225 0 -223 0 -221 0 -219 0 +217 0 +215 0 -213 0 -211 0 
+209 0 -207 0 +205 0 +203 0 +201 0 -199 0 -197 0 -195 0 -194 0 *
Ve
1e-07
-49.25 76.9781847254618 0
0 0

0101101
*
Ed
 1e-07 1 1 0
1  23 0 0 6.28318530717959
2  72 23 4 0 6.28318530717959
2  73 23 6 0 6.28318530717959
2  74 2 4 0 6.28318530717959
0

0101000
+192 0 -192 0 *
Wi

0101100
+191 0 *
Ve
1e-07
52.75 76.9781847254618 0
0 0

0101101
*
Ed
 1e-07 1 1 0
1  24 0 0 6.28318530717959
2  75 24 4 0 6.28318530717959
2  76 24 6 0 6.28318530717959
2  77 2 4 0 6.28318530717959
0

0101000
+189 0 -189 0 *
Wi

0101100
+188 0 *
Ve
1e-07
-104.25 60.5310198087947 0
0 0

0101101
*
Ed
 1e-07 1 1 0
1  25 0 0 6.28318530717959
2  78 25 4 0 6.28318530717959
2  79 25 6 0 6.28318530717959
2  80 2 4 0 6.28318530717959
0

0101000
+186 0 -186 0 *
Wi

0101100
+185 0 *
Ve
1e-07
-104.25 3.12449375304035 0
0 0

0101101
*
Ed
 1e-07 1 1 0
1  26 0 0 6.28318530717959
2  81 26 4 0 6.28318530717959
2  82 26 6 0 6.28318530717959
2  83 2 4 0 6.28318530717959
0

0101000
+183 0 -183 0 *
Wi

0101100
+182 0 *
Ve
1e-07
107.75 3.12449375304019 0
0 0

0101101
*
Ed
 1e-07 1 1 0
1  27 0 0 6.28318530717959
2  84 27 4 0 6.28318530717959
2  85 27 6 0 6.28318530717959
2  86 2 4 0 6.28318530717959
0

0101000
+180 0 -180 0 *
Wi

0101100
+179 0 *
Ve
1e-07
107.75 60.5310198087946 0
0 0

0101101
*
Ed
 1e-07 1 1 0
1  28 0 0 6.28318530717959
2  87 28 4 0 6.28318530717959
2  88 28 6 0 6.28318530717959
2  89 2 4 0 6.28318530717959
0

0101000
+177 0 -177 0 *
Wi

0101100
+176 0 *
Ve
1e-07
-104.25 -54.2820323027549 0
0 0

0101101
*
Ed
 1e-07 1 1 0
1  29 0 0 6.28318530717959
2  90 29 4 0 6.28318530717959
2  91 29 6 0 6.28318530717959
2  92 2 4 0 6.28318530717959
0

0101000
+174 0 -174 0 *
Wi

0101100
+173 0 *
Ve
1e-07
-47.5 -76.7820323027551 0
0 0

0101101
*
Ed
 1e-07 1 1 0
1  30 0 0 6.28318530717959
2  93 30 4 0 6.28318530717959
2  94 30 6 0 6.28318530717959
2  95 2 4 0 6.28318530717959
0

0101000
+171 0 -171 0 *
Wi

0101100
+170 0 *
Ve
1e-07
1.75 -76.7820323027551 0
0 0

0101101
*
Ed
 1e-07 1 1 0
1  31 0 0 6.28318530717959
2  96 31 4 0 6.28318530717959
2  97 31 6 0 6.28318530717959
2  98 2 4 0 6.28318530717959
0

0101000
+168 0 -168 0 *
Wi

0101100
+167 0 *
Ve
1e-07
51 -76.7820323027551 0
0 0

0101101
*
Ed
 1e-07 1 1 0
1  32 0 0 6.28318530717959
2  99 32 4 0 6.28318530717959
2  100 32 6 0 6.28318530717959
2  101 2 4 0 6.28318530717959
0

0101000
+165 0 -165 0 *
Wi

0101100
+164 0 *
Ve
1e-07
107.75 -54.2820323027551 0
0 0

0101101
*
Ed
 1e-07 1 1 0
1  33 0 0 6.28318530717959
2  102 33 4 0 6.28318530717959
2  103 33 6 0 6.28318530717959
2  104 2 4 0 6.28318530717959
0

0101000
+162 0 -162 0 *
Wi

0101100
+161 0 *
Fa
0  1e-07 2 0

0101000
-193 3 -190 3 -187 3 -184 3 -181 3 -178 3 -175 3 -172 3 -169 3 -166 3 
-163 3 -160 3 *
Ve
1.50000033374715e-07
98.5000000000002 -88.1190398481014 15.9374104744121
0 0

0101101
*
Ed
 1e-07 1 1 0
1  34 0 0 32.2899999999999
2  105 22 0 0 32.2899999999999
2  106 3 0 0 32.2899999999999
0

0101000
+196 3 -158 0 *
Ed
 1.5e-07 1 1 0
1  35 0 -30.1439754763507 166.856024523649
2  107 3 0 -30.1439754763507 166.856024523649
2  108 4 0 -30.1439754763507 166.856024523649
0

0101000
+235 0 -158 0 *
Wi

0101100
-194 3 -157 0 +156 0 +234 0 *
Fa
0  1e-07 3 0

0101000
+155 0 *
Ve
1.50000020097183e-07
-113.5 -75.1286587913346 8.43741047441198
0 0

0101101
*
Ed
 1.5e-07 1 1 0
